100
5 5
395 596 332 597 271
632 77 820 912 757
792 408 278 448 215
670 8 678 894 521
68 658 811 830 249
3 3
120 42 523
319 868 565
541 36 780
10 10
434 297 847 666 507 424 366 748 541 922
220 315 44 481 15 3 495 253 537 850
869 727 107 454 750 864 116 663 423 999
185 716 947 986 445 643 318 975 619 673
756 182 82 194 844 201 539 554 1000 715
31 794 54 578 310 367 581 802 892 374
336 497 534 878 305 871 695 373 335 834
343 737 118 467 258 561 531 561 47 118
339 819 479 461 967 612 3 214 945 995
46 726 771 607 715 36 709 111 951 858
5 5
738 313 796 526 447
82 763 869 714 193
447 412 666 972 713
156 679 909 37 652
642 238 783 326 309
3 3
413 687 371
675 939 818
62 529 113
10 10
178 110 843 770 528 302 658 142 986 851
446 325 50 876 138 38 502 644 670 791
828 190 513 726 126 570 149 208 558 898
188 401 462 33 248 907 295 561 313 929
792 740 818 119 892 832 620 621 966 318
475 638 617 666 182 204 464 417 797 609
500 38 861 794 844 212 54 744 78 9
372 444 165 261 403 26 920 399 588 686
857 238 893 68 161 535 42 410 368 801
307 957 924 571 92 718 435 58 753 771
5 5
39 55 198 215 875
838 520 981 147 390
150 369 950 351 906
904 621 658 708 400
674 687 739 362 471
3 3
728 692 679
716 522 28
278 944 509
10 10
370 416 427 903 525 100 145 573 866 3
977 296 451 91 392 608 832 652 305 772
279 759 653 31 666 505 657 527 356 16
832 440 556 543 968 550 823 500 667 46
844 148 439 669 338 69 771 872 884 53
680 797 765 156 469 698 553 432 177 1000
136 732 893 302 197 819 992 32 12 422
99 202 759 237 851 168 577 725 746 41
94 611 39 40 112 978 392 841 96 412
907 312 30 505 527 56 911 822 53 430
5 5
684 170 449 223 12
802 451 880 51 508
497 933 346 192 832
83 875 468 809 471
389 638 672 62 366
3 3
866 390 159
229 467 639
534 214 852
10 10
415 339 998 994 115 23 356 901 569 289
170 413 495 28 206 3 700 417 911 577
45 693 816 312 353 683 365 903 871 991
676 393 834 884 687 73 98 980 743 652
171 394 769 188 715 593 88 609 308 876
715 639 547 879 423 675 456 192 779 699
799 586 208 46 37 172 298 346 244 275
124 708 576 677 59 535 783 411 191 418
492 663 695 444 162 728 240 212 943 592
726 42 865 864 289 758 980 93 808 32
5 5
217 488 866 524 86
563 366 543 29 878
814 950 152 329 581
494 937 406 300 222
41 510 490 565 642
3 3
184 396 106
212 129 21
271 199 630
10 10
130 284 674 841 489 38 911 584 108 207
195 940 478 934 57 668 423 974 237 284
220 711 369 671 923 135 969 293 784 283
209 81 242 441 270 161 733 936 549 389
395 963 203 596 912 922 460 705 746 765
691 465 209 612 45 423 394 384 117 565
196 935 412 445 101 279 37 295 944 270
780 889 255 82 290 144 42 753 25 368
125 718 212 421 190 204 438 791 97 210
982 352 216 264 105 751 467 420 396 309
5 5
130 15 123 883 376
342 801 615 888 944
558 840 323 958 314
529 436 479 961 464
762 99 735 833 190
3 3
315 394 169
891 60 312
379 913 43
10 10
409 563 56 23 489 32 620 659 33 386
770 342 900 524 411 637 190 959 253 788
140 143 254 397 352 987 491 319 786 424
301 760 25 430 404 256 812 123 946 195
398 332 877 323 5 864 628 546 144 534
749 180 368 111 155 765 442 632 431 907
167 458 524 377 665 457 796 145 288 686
861 483 811 187 820 626 379 808 375 490
55 286 436 773 339 314 530 486 622 452
536 4 950 867 81 390 189 282 54 451
5 5
441 760 783 680 962
273 474 148 243 951
764 400 473 503 289
946 543 830 673 742
876 708 234 245 376
3 3
166 755 30
630 898 738
559 617 900
10 10
504 662 811 998 245 612 743 294 651 939
824 56 708 123 707 5 528 369 586 765
240 914 513 541 253 330 198 327 441 365
188 924 51 632 938 314 538 909 476 962
829 85 357 712 333 852 644 268 651 38
807 611 647 101 895 579 977 185 566 940
512 993 416 138 734 730 759 278 822 6
676 940 322 861 61 470 577 192 527 39
996 451 426 898 630 857 382 943 795 334
287 614 199 53 540 449 135 84 887 517
5 5
694 447 859 176 754
851 509 254 754 491
508 982 1000 170 4
263 1 87 109 565
49 239 180 561 126
3 3
96 403 971
161 354 794
676 850 849
10 10
4 552 196 348 990 703 967 748 616 564
143 801 798 561 938 82 3 749 241 79
357 949 647 309 532 10 659 91 900 973
596 935 598 46 755 663 202 113 340 158
656 868 379 202 309 511 66 767 481 858
878 617 618 2 187 627 828 734 659 371
746 697 156 146 86 446 141 855 588 73
436 424 481 581 21 303 552 103 599 210
715 419 492 77 852 850 427 4 182 542
11 385 469 605 94 698 714 83 583 736
5 5
411 469 321 564 754
914 674 836 613 82
397 365 934 838 233
461 827 994 940 908
985 694 163 453 341
3 3
383 299 895
903 436 127
435 36 514
10 10
116 877 302 164 976 247 583 360 442 230
519 255 902 629 419 10 771 617 331 142
277 32 428 321 63 465 731 288 265 453
354 283 506 233 82 596 428 757 22 566
840 721 689 695 523 763 589 813 328 609
851 970 665 252 664 167 925 62 811 384
7 779 110 869 664 765 592 157 5 925
738 175 701 383 767 526 26 869 816 271
868 664 461 470 420 494 719 619 45 436
823 647 757 11 890 498 776 953 445 378
5 5
86 109 345 919 112
440 651 546 820 316
834 333 365 150 829
74 190 21 672 974
440 812 991 973 387
3 3
952 665 122
131 6 254
220 555 817
10 10
707 648 641 707 898 90 311 152 694 155
997 970 158 856 467 755 114 914 462 157
517 260 507 102 990 422 910 633 952 988
379 342 52 646 773 304 12 920 463 387
463 930 198 700 914 508 523 177 326 41
719 937 964 973 980 874 902 773 560 843
362 851 993 615 161 825 225 3 731 659
801 874 23 653 816 232 115 588 388 625
350 601 917 986 496 584 464 434 35 416
356 340 260 247 426 381 527 379 628 662
5 5
745 1 458 179 42
213 323 579 245 163
776 180 687 106 968
665 847 315 347 720
967 717 290 510 892
3 3
255 388 488
902 386 326
852 912 781
10 10
344 348 547 608 57 700 414 367 521 254
290 890 921 384 405 841 391 505 137 669
30 74 560 107 561 571 417 44 100 889
986 612 663 271 1000 830 834 795 894 1000
640 235 23 638 128 633 246 244 196 881
236 21 242 821 951 967 428 432 334 151
494 256 745 320 336 565 160 723 616 458
337 992 404 817 829 807 724 835 6 60
641 154 716 299 848 295 338 189 337 439
127 266 663 114 857 677 710 310 825 131
5 5
786 693 624 762 349
959 599 960 744 128
704 931 60 881 280
17 881 488 161 708
65 664 863 491 854
3 3
684 642 788
161 280 455
695 907 996
10 10
687 174 483 349 536 184 23 917 447 905
902 340 998 633 259 164 954 777 362 770
383 100 640 403 640 821 729 9 299 553
485 85 75 598 29 192 264 322 90 210
237 66 73 34 144 465 622 286 260 27
611 9 351 881 694 505 714 334 255 757
950 442 619 591 850 389 449 816 52 162
124 353 62 139 920 422 653 320 299 915
516 773 541 50 567 268 1 434 861 207
915 702 389 845 945 246 831 267 358 953
5 5
483 754 507 897 362
114 896 179 71 652
472 767 315 426 320
105 367 996 306 757
750 31 746 350 473
3 3
622 972 717
462 172 369
243 989 840
10 10
514 944 232 289 556 922 177 990 658 103
570 123 26 750 765 66 987 898 231 514
105 158 978 464 223 55 693 282 323 783
267 22 921 205 314 333 456 521 864 668
990 844 347 672 206 89 43 698 951 778
568 376 175 913 921 840 788 707 815 269
74 505 599 646 475 116 58 41 314 884
713 220 596 374 776 181 188 9 244 421
280 951 689 210 810 565 269 237 883 508
556 834 435 533 300 467 927 777 478 192
5 5
39 953 545 563 601
395 906 646 506 105
238 583 745 816 990
408 670 592 143 821
73 140 360 950 724
3 3
516 514 111
515 50 666
653 1000 15
10 10
789 799 657 765 156 408 944 891 465 361
857 402 80 556 104 872 181 957 615 535
233 404 518 306 143 390 925 330 303 206
616 797 800 226 487 389 9 839 370 76
51 838 758 886 254 493 95 34 27 611
72 675 415 655 554 828 155 958 833 51
774 264 338 875 780 513 65 233 912 351
608 935 685 396 682 199 440 707 466 448
27 364 908 868 735 871 100 631 655 34
29 547 173 744 154 909 952 536 653 914
5 5
490 787 394 757 478
456 165 361 790 193
794 888 570 177 94
284 590 47 816 633
343 50 411 320 446
3 3
50 971 386
231 654 181
130 48 158
10 10
581 484 284 840 725 847 307 105 705 513
143 753 506 651 390 982 589 111 49 625
467 622 142 667 135 858 91 652 250 963
854 845 993 266 685 941 483 152 267 886
184 183 455 497 107 333 786 487 201 791
102 366 305 805 907 164 958 273 512 972
717 644 781 900 910 972 934 91 765 308
388 807 752 634 944 363 412 789 752 994
568 811 195 994 431 849 436 77 437 27
364 802 632 853 334 224 614 950 371 176
5 5
89 975 533 784 287
540 220 963 577 370
883 941 329 103 991
606 834 617 249 145
189 695 346 256 662
3 3
653 350 174
594 360 40
605 132 645
10 10
98 765 377 420 519 691 380 776 782 236
277 270 30 911 24 925 667 864 488 358
341 675 734 466 832 278 9 87 842 887
325 474 715 642 203 189 173 761 794 294
567 3 369 659 359 281 7 531 815 488
105 391 910 439 32 649 570 428 482 264
938 169 851 32 633 136 434 887 361 792
532 331 237 706 636 78 708 287 637 367
883 969 248 827 408 253 529 508 545 419
876 643 872 648 520 190 474 46 448 894
5 5
429 557 420 368 324
221 553 651 708 824
944 646 441 346 536
267 226 624 679 599
594 881 963 128 535
3 3
186 20 359
325 504 691
125 55 352
10 10
826 509 587 822 267 668 157 750 584 583
791 467 401 641 722 781 106 969 968 798
19 515 408 606 169 874 959 697 629 49
259 83 336 664 477 890 65 323 314 212
545 303 610 733 921 772 402 384 321 69
61 976 252 595 617 849 193 777 591 587
701 467 243 690 750 765 880 853 54 822
434 932 253 565 825 372 440 897 666 508
993 679 660 547 291 732 508 813 183 208
808 865 795 465 534 912 319 736 299 319
5 5
628 342 143 104 803
696 810 240 597 875
888 135 977 510 547
461 8 521 728 187
420 78 675 807 710
3 3
846 478 482
206 848 6
896 754 469
10 10
53 7 995 124 592 738 800 858 80 806
712 333 856 801 619 612 373 277 731 559
603 262 224 278 844 304 510 442 262 629
570 836 534 450 654 739 813 383 331 151
694 818 523 782 824 598 275 369 924 657
708 476 134 282 531 333 591 188 552 293
447 469 791 143 327 847 215 806 974 547
114 83 480 334 906 944 108 344 758 953
973 233 918 226 795 254 242 266 267 830
360 994 316 721 791 328 385 89 878 883
5 5
510 884 429 176 448
322 534 195 890 871
201 522 669 221 221
480 687 905 668 846
845 892 65 672 792
3 3
260 436 379
96 555 854
52 13 466
10 10
722 948 576 437 90 734 684 393 956 158
695 229 696 353 660 991 973 979 510 714
205 539 704 777 323 621 566 996 917 278
577 598 218 643 589 337 790 115 655 181
427 703 410 777 154 801 760 423 340 793
764 731 655 659 543 730 876 441 422 957
669 937 97 433 932 652 192 496 99 479
701 875 368 115 266 912 739 295 468 226
651 108 230 414 481 930 819 657 713 71
591 224 841 536 663 639 249 734 809 544
5 5
803 612 837 735 578
725 992 532 100 85
256 319 269 591 77
560 90 376 963 197
536 32 86 687 408
3 3
355 302 584
452 222 372
911 851 593
10 10
732 663 801 514 675 365 629 115 153 520
361 266 677 485 588 511 388 951 557 281
483 445 554 338 112 426 267 473 344 123
841 762 523 104 559 764 199 237 987 717
3 432 360 16 782 209 348 864 752 837
315 757 95 185 106 748 189 257 397 586
921 613 98 186 107 879 697 988 587 629
900 935 866 577 961 389 982 94 190 388
171 408 49 281 923 223 532 297 640 106
588 288 171 215 153 12 887 168 202 970
5 5
844 664 881 681 317
621 134 711 110 54
38 539 62 618 258
81 262 64 195 704
550 427 783 627 256
3 3
940 144 643
109 952 161
25 103 100
10 10
646 724 612 873 600 19 663 294 121 808
30 298 973 507 241 187 42 302 528 917
177 93 825 559 923 155 119 279 683 362
240 3 439 710 653 292 578 226 541 145
718 260 425 340 13 484 311 28 192 170
287 676 355 504 426 224 80 482 204 780
546 661 132 987 666 298 366 279 705 644
401 358 410 88 191 476 316 471 619 741
473 311 492 244 112 332 277 334 753 650
315 256 381 405 479 367 640 878 127 301
5 5
481 699 677 449 648
818 754 694 860 123
818 827 918 393 809
31 534 623 195 456
177 145 657 48 963
3 3
832 229 103
367 204 883
321 351 328
10 10
645 22 736 101 107 200 894 501 213 619
703 123 190 636 685 751 484 478 621 702
495 339 669 248 697 725 111 591 979 712
355 390 467 833 190 143 992 581 428 979
208 331 258 526 504 840 71 553 117 472
646 867 964 70 762 563 327 294 520 289
675 235 407 8 574 961 255 969 72 615
793 795 585 759 962 18 563 384 45 298
318 260 219 206 173 531 761 759 334 241
987 855 695 149 293 720 673 157 505 369
5 5
436 562 297 573 455
281 418 690 343 800
327 995 767 751 501
630 497 911 489 186
844 640 943 859 732
3 3
93 679 202
430 241 758
356 803 582
10 10
257 9 124 564 348 121 285 950 260 269
821 863 524 402 555 880 544 600 325 509
661 443 40 926 946 625 673 133 165 432
825 451 981 891 751 453 498 269 95 712
987 828 108 912 922 842 471 706 451 55
638 796 25 604 383 852 39 55 803 605
255 99 370 599 655 569 313 913 803 948
122 997 877 905 506 812 434 630 481 806
219 267 21 787 726 649 558 410 611 318
370 751 525 536 369 631 895 703 731 844
5 5
226 127 721 475 766
356 392 326 916 806
553 978 627 799 349
570 248 448 681 606
434 285 531 752 156
3 3
848 166 37
592 557 463
648 929 26
10 10
607 342 29 389 922 260 285 250 285 938
93 538 396 611 931 421 965 915 989 257
884 772 1 65 538 225 374 544 133 63
860 883 31 943 29 654 209 806 26 341
495 724 437 72 39 784 513 89 941 56
953 252 35 260 791 478 894 348 613 327
915 886 944 547 234 904 650 152 965 19
244 635 322 40 949 445 571 733 779 543
447 351 842 947 432 415 918 156 10 928
166 398 306 270 804 766 462 850 814 933
5 5
408 37 925 462 15
478 113 240 4 824
73 991 412 274 801
886 173 360 844 421
626 834 543 353 638
3 3
263 107 631
867 297 850
408 624 523
10 10
229 346 747 637 887 464 98 938 567 540
979 39 732 292 245 279 247 416 195 255
38 616 131 37 857 404 766 501 494 216
204 386 440 915 729 123 921 366 378 521
466 68 720 412 580 721 780 140 930 835
585 175 285 420 295 798 862 703 494 711
422 236 730 525 968 3 921 897 3 63
525 202 215 134 608 446 704 835 438 279
195 905 319 341 120 95 561 755 479 32
812 135 593 173 894 24 270 533 930 192
5 5
150 972 126 595 559
189 75 908 573 314
657 903 499 308 344
804 247 325 136 598
192 419 191 345 778
3 3
550 525 601
490 253 117
338 644 337
10 10
234 956 419 929 839 86 487 107 500 876
290 654 703 838 411 744 439 480 54 393
719 313 425 829 583 416 470 204 387 304
558 710 109 426 30 341 207 966 533 569
843 458 991 190 912 641 128 737 461 681
404 404 613 927 143 807 583 51 932 958
401 159 646 282 145 599 96 905 212 729
146 952 770 610 714 552 582 974 174 565
885 180 60 118 68 223 279 16 386 508
77 695 568 921 349 442 964 913 897 116
5 5
737 259 948 327 234
752 937 337 323 808
894 41 124 644 621
383 151 225 781 890
371 501 15 120 202
3 3
554 765 618
814 732 741
827 246 862
10 10
294 640 47 663 533 646 271 282 422 807
604 746 771 845 481 614 44 400 301 161
613 447 173 976 187 297 267 228 33 290
965 765 949 604 547 271 866 985 258 693
263 122 698 938 250 689 616 203 794 436
345 807 373 111 929 923 795 789 36 4
110 852 807 281 615 81 553 878 218 49
990 509 423 677 31 379 665 276 235 293
516 826 358 613 5 592 833 87 731 132
879 645 631 155 242 6 683 516 786 321
5 5
971 448 571 91 839
321 88 685 874 17
290 707 225 693 958
515 283 382 758 431
641 169 363 541 812
3 3
896 811 477
949 765 824
29 148 888
10 10
237 268 672 137 440 426 945 50 182 913
839 629 468 395 367 57 141 944 275 56
984 886 458 131 467 572 363 376 954 214
222 418 965 777 481 699 382 255 615 955
850 765 553 452 110 544 17 247 73 627
615 642 408 598 208 643 148 934 272 390
353 670 217 444 345 325 363 598 584 333
737 697 133 527 487 540 30 34 848 724
362 184 791 641 956 925 226 175 243 137
54 169 430 325 130 731 759 463 507 425
5 5
661 845 537 16 417
190 308 905 317 897
338 81 801 338 128
644 184 530 493 200
236 886 541 411 85
3 3
834 642 727
997 363 962
223 881 225
10 10
657 869 781 192 90 604 112 679 733 167
755 65 912 416 752 648 237 616 55 146
224 920 605 138 738 811 845 253 234 959
761 492 411 385 731 636 850 117 852 405
264 149 53 757 725 32 817 931 202 557
659 469 975 868 361 872 425 375 156 711
267 388 137 409 655 975 47 819 650 525
603 989 836 569 560 40 182 140 535 765
87 602 596 595 722 85 476 241 307 929
798 813 300 845 899 595 62 512 560 571
5 5
418 916 797 479 953
252 8 474 774 783
652 298 929 12 852
595 622 819 104 595
674 149 864 311 49
3 3
395 221 376
861 804 646
243 588 384
10 10
53 4 929 31 819 553 350 186 449 271
941 501 246 494 482 792 759 282 310 504
323 835 839 401 61 116 316 607 588 74
652 98 652 466 750 499 541 585 275 345
918 825 910 371 137 576 872 809 632 474
709 631 852 686 179 846 419 69 823 706
778 191 138 983 468 152 509 662 26 698
700 982 627 591 842 586 96 818 543 113
441 311 191 92 261 172 412 706 680 381
252 625 11 588 901 627 782 568 72 844
5 5
847 240 105 334 905
331 760 384 752 23
226 121 277 899 345
554 891 178 227 579
81 768 708 397 185
3 3
200 699 317
717 191 168
688 348 861
10 10
477 357 951 580 788 785 21 988 248 91
767 247 780 906 88 44 231 621 213 222
561 990 41 851 236 914 301 734 919 236
765 193 743 849 947 358 587 946 649 112
296 60 608 147 615 105 643 920 882 222
837 626 889 939 507 757 94 14 463 772
562 67 403 37 958 146 146 883 179 621
161 113 172 83 754 84 383 706 906 921
906 247 785 913 201 318 604 980 118 560
783 570 396 648 355 536 749 146 557 694
5 5
41 457 240 821 580
106 702 943 72 23
790 110 58 283 273
932 514 499 610 902
264 19 918 99 285
3 3
946 417 226
716 580 986
783 770 287
10 10
37 199 373 602 639 498 381 434 804 606
8 476 970 456 326 683 906 432 488 814
770 503 267 935 844 77 368 249 330 252
764 764 53 895 137 247 77 871 174 240
721 704 827 476 997 720 236 481 612 119
512 184 158 361 340 919 286 738 114 472
614 671 22 572 577 836 455 237 107 118
138 386 965 237 767 605 631 51 154 926
855 827 256 297 418 634 797 835 239 522
701 589 648 788 885 75 5 242 791 842
5 5
295 152 870 501 653
226 288 280 975 964
129 701 739 194 649
324 951 299 374 97
81 782 530 874 142
3 3
355 193 71
888 524 535
952 212 630
10 10
992 439 329 846 400 966 239 394 862 477
383 347 923 968 61 351 911 393 955 966
228 575 222 950 140 208 948 410 991 615
519 941 75 331 354 884 877 5 244 977
820 663 287 872 531 746 119 7 294 157
550 896 175 42 739 921 853 277 799 69
217 462 538 466 248 102 43 947 155 981
787 302 459 793 883 554 702 813 766 116
672 277 222 751 420 618 112 827 938 117
240 431 368 770 669 322 454 692 220 693
5 5
277 829 277 203 407
958 342 300 285 651
319 989 87 958 406
825 844 423 714 97
105 690 462 694 672
