100
2
200 100 100
2
1000000000 1000000000 1000000000
2
1000000000 100 1
2
250000001 0 1000000000
3
10000 3000 4000 5000
5
3000 100 100 100 100 100
100
1000000000 1000000000 1000000000 1000000000 1000000000 1000000000 1000000000 1000000000 1000000000 1000000000 1000000000 1000000000 1000000000 1000000000 1000000000 1000000000 1000000000 1000000000 1000000000 1000000000 1000000000 1000000000 1000000000 1000000000 1000000000 1000000000 1000000000 1000000000 1000000000 1000000000 1000000000 1000000000 1000000000 1000000000 1000000000 1000000000 1000000000 1000000000 1000000000 1000000000 1000000000 1000000000 1000000000 1000000000 1000000000 1000000000 1000000000 1000000000 1000000000 1000000000 1000000000 1000000000 1000000000 1000000000 1000000000 1000000000 1000000000 1000000000 1000000000 1000000000 1000000000 1000000000 1000000000 1000000000 1000000000 1000000000 1000000000 1000000000 1000000000 1000000000 1000000000 1000000000 1000000000 1000000000 1000000000 1000000000 1000000000 1000000000 1000000000 1000000000 1000000000 1000000000 1000000000 1000000000 1000000000 1000000000 1000000000 1000000000 1000000000 1000000000 1000000000 1000000000 1000000000 1000000000 1000000000 1000000000 1000000000 1000000000 1000000000 1000000000 1000000000
63
13891973 7935481 4851685 6571378 7791643 8324341 9192899 1952348 4148500 8357960 8514775 7314180 6766107 9850933 2674086 5465766 7896453 9007319 7357945 5762749 2235517 7312689 9850751 7774100 3331847 6936154 9678444 6529718 1379999 5620445 2975323 4749381 1902389 4093411 3579184 1080860 7454268 8387292 7351439 4120371 3664001 9161435 4117312 4949447 4396847 3324777 2211369 9749638 7433985 9344183 1764209 4725010 1278967 3008950 5227158 6002769 6764612 4296714 1531252 5069612 5187465 3413454 1718606 3780841
20
112774066 4622284 4372722 653371 1700347 649092 791945 504798 123914 156045 64079 89889 22413 22632 17245 3936 11705 2809 3238 718 1046
20
101322133 1722557 1447602 459227 87865 80666 14657 4307 4041 1214 262 230 67 19 4 2 2 0 0 0 0
20
105866901 4673316 4566248 3112669 2186856 1005703 234195 265408 514616 378639 278428 75484 162293 33007 17422 38444 26539 18625 15514 7360 2076
20
58516890 1067856 226849 147055 7509 6922 501 565 110 13 3 2 0 0 0 0 0 0 0 0 0
94
9234316 1898696 6952931 4541580 2426626 4594199 9168581 5776793 9403010 5896175 8333044 8096745 1845097 1378683 4893612 7824469 7701025 7275350 2958984 6324786 3029797 5209946 5973515 7494595 9324930 3122678 2723176 5737192 4721873 1493856 4569832 1084468 6717336 8550669 7094945 7993988 2855121 6049603 5210475 9052484 7772231 2195266 8763352 4224981 9092973 3556475 2680601 2543244 5176990 2810791 1223472 4184708 2929328 6578872 5851576 6758868 7544034 7157894 2136594 2141127 5692893 3677362 7809595 8586359 1576519 8189300 4133286 4431521 7692458 8620332 7279121 5230381 6245393 4702125 8821666 1795040 2783384 8593167 5112681 8514607 4171443 1568145 7884366 9383692 6718741 2622447 1208233 1203403 7153225 8853734 5064692 5333307 4601550 3508244 3893861
98
10446418 4961306 6807397 8978975 2962297 2648495 6536273 1008464 6722855 3855195 9317730 6965829 6356672 8527710 5401065 4368500 6371169 1622330 3152089 7373021 9946295 9977020 7922464 1167161 6211958 3586285 2785102 9566283 4010033 5564673 2552663 5083806 9443580 2234801 1161529 7342944 1594825 7789477 4407728 4203271 1449255 1899168 8451581 8878393 8732265 8534247 1025995 9155865 8817731 2144115 7286495 8124826 3939432 9670847 9133654 5440978 7278282 2845205 5005539 2047252 6008975 6762726 1727338 8928680 7021765 5975828 2518530 4259238 2877525 1346686 3451822 3550017 1306974 9343865 4645947 6573352 5287343 8623129 6969209 8338496 2819892 5374529 3010091 8602666 1952796 2223201 6458564 1607625 1666237 5378770 2464312 7377151 1307276 7587155 9765903 4571230 8976993 4418287 9852752
20
74429136 1603899 472843 183360 53337 5306 3528 1061 338 78 6 4 0 0 0 0 0 0 0 0 0
73
143988925 4689051 4214622 8332751 7573649 3769529 7670749 9166352 8710416 3696902 6037225 7394432 9117440 3819508 7240314 4889818 1678188 7809781 2035707 8243443 1125857 5894824 6118859 7368327 1562546 6329115 5034455 2384020 7123131 5917533 6136383 8436179 3266080 7626876 7185767 5150790 6929681 7180910 5264409 2560846 8950379 1099560 9560034 1046848 7011277 8041133 8956921 6809874 4436438 9182481 1627791 9258979 1848379 2699274 9877631 6780868 3933279 6160284 5436443 6441546 5137692 8427987 8993364 5488167 8500241 1519258 6683808 7395511 6902539 1775409 9998863 3039464 3287490 2956298
91
9731676 4037646 6338284 9261965 3204003 2564690 4184715 4035667 6756997 8507405 9116694 4336540 1886398 5723062 1064304 1718514 3885466 8210430 4762415 6170587 2179678 6231383 8247424 7002598 2442985 3296745 1901526 4703006 6801663 4392947 7452355 9483867 7161758 3644806 7820566 4342833 3490371 8643587 5947271 8697042 6004369 1295559 3737601 1464652 1129608 8853563 2853047 1037612 9268546 4789429 4986337 6814511 2174665 5375517 6331337 9921546 3247352 9882801 6514773 8538297 2082778 2334098 5269806 4408275 8331511 3556740 3163325 4416034 4618711 1793810 3945460 9685679 3927693 7537629 7842022 1064244 6703767 9177118 2597417 1937071 9679080 6597019 8863697 8637708 2877236 5606659 4449747 3035318 2199465 7829475 7265731 8678617
20
105603092 1438433 584627 382431 155510 176863 70558 37116 16890 5107 4211 1465 238 119 36 35 22 17 4 2 0
81
5386296 1748171 4488301 5192283 2041873 7590665 7683890 1972193 9175035 2699276 2885556 4713664 4405846 9736153 4131138 1059916 8897631 7052564 1123271 6115909 3028505 3526084 6428660 4102468 5421941 6734224 4484259 9968659 3495509 6158308 4096534 5668826 7191124 5034486 2367155 8330998 9394883 9353010 5440992 7832952 4380543 8477238 3528338 8517342 5294836 2313945 3600376 1847371 2459046 6885298 1251178 5109972 4621295 7624237 2735904 5290146 1461672 6702241 3472968 2298699 1309913 7303569 5082051 8839272 5681697 7048486 2909637 9067979 4199741 8974839 3303961 1695676 4496169 8825573 7822606 4207187 2058314 9541920 3324039 7413358 4644129 6159975
83
7023442 6994340 1742460 9539397 5341182 3130483 1388703 7645568 4084927 5238380 8198250 1694677 1769741 9182677 2666888 6642354 8394568 6322475 9705253 8299682 1317641 4808333 5448600 5976689 5025448 3906332 3697022 3992054 1484699 3599839 8025583 1588116 4555728 1364958 3504013 2095105 8129216 8419403 2987688 1359979 1192554 9619743 8323531 7262008 2142006 5828448 9310874 7519900 8088559 2265477 7278335 6095242 5135328 7593041 1048320 1197177 7845280 7415596 2449628 1624059 6325512 9697122 3961487 5229746 6553814 8676744 5337897 2090064 9413093 5951599 8682661 7924938 1981956 3374702 1867115 8175290 8207455 5949389 1149769 4440353 7368346 5094252 3566010 8957974
20
123800237 8052174 1668432 2098209 1680741 3200920 793502 1659633 1521084 1092185 989926 398343 850813 188902 430395 459907 354217 78527 258895 33720 158948
57
11356426 9124556 8097540 6619667 2146101 2007308 6556490 9989032 9803383 5723631 8311637 9412182 2335675 8593350 9013503 6431277 9644184 1633891 2657958 4789682 8969102 9127045 7410947 6336991 5470762 2097695 5560875 8990937 2670330 6322024 3898123 8129948 7416378 1757677 1988694 1179516 9278400 2700278 9906885 7639276 8037735 7368344 1844037 3765779 4010077 4498715 9535462 2528186 4590826 5216761 9150184 3441191 3158852 5191088 1972573 7283788 8268030 9085791
87
34798699 7976305 8249403 2511749 4508438 6844091 7571192 5933621 3817487 1638415 3579457 7917639 9996707 9236661 2058043 4793307 2585304 1457339 3850432 2414077 8990288 3170606 5743368 8585705 4453215 7959994 9332201 6238352 3445371 4085770 2006035 1507015 1341131 5363509 9802221 9952005 7493640 5270927 3230267 8004456 3364142 4834393 6791285 5671024 9666500 5461821 5600158 4810836 3082114 6484882 3256197 2494268 5688208 8869945 5874781 6066223 2686501 1046604 1550842 4352884 4464121 7558156 5603985 8065142 1309678 4199434 9754260 2767299 1016832 6429111 2628277 5024103 6835113 5084915 8583057 7462610 2829849 1143279 7953952 1444414 7643636 2294033 8978777 6231472 5356243 5522770 2134071 7173392
20
73116001 3005521 504630 172388 35923 2706 7288 2319 679 143 41 7 3 0 0 0 0 0 0 0 0
20
92559527 1862515 1869266 219905 363679 25531 43559 3516 11159 2105 2275 498 493 134 36 15 10 10 2 0 0
20
118644455 3097887 1660230 1111350 992800 338518 275360 196678 45445 66937 18094 21170 14256 8459 695 382 375 765 189 349 122
100
8093097 2613714 6910103 9867398 4319369 6080875 6080039 7235314 9998747 7461307 6970043 4624146 8770374 5704273 8841888 4484899 4530175 1856115 7535535 5715137 1894646 6960280 8987930 2549777 9790834 9739302 3878929 6913247 3996388 5480468 2317040 4524266 4070416 8420618 2497978 3045932 4315571 7758150 6499938 8142300 5368600 4394665 8839204 2468508 2681518 5205577 5464038 9235003 2141536 1669286 9193389 3641088 6777897 4627930 2886177 9212752 5433499 8331500 4799939 5123753 9702781 1491261 4127128 1019147 8532551 2044418 8475372 4150034 3343230 2400445 5502269 1751733 4996504 6816617 5671963 6558488 7585069 5243597 5535840 2174431 7243793 5593808 2684086 1993765 7704098 8517329 2005202 7316402 6287785 5031269 5218558 3085183 8840332 8379845 6801592 4723548 9000012 8409320 2360319 5089902 5076621
78
6499452 4939791 6434272 2629308 1354926 8449985 8012081 5425578 9782977 6028494 9469024 5794033 7439489 4610601 8644614 6436559 2708952 2239013 5849860 8076963 7801471 8594759 3138283 8353323 2762060 5176075 8150389 6791155 7033697 8912945 6756192 7589977 5189792 9165988 3343311 9458860 7492093 6993538 1595876 4465956 9731527 8123564 8696752 9677658 2291225 8726937 7895296 8103559 8186974 8181212 4545007 7496320 6566812 1871900 5358942 4201318 5034506 6353940 9329779 2937594 5029805 1439587 2143536 2995001 9433294 6804856 4448404 6757667 3938458 7494907 5977886 5289212 4552764 3892920 8486637 8806286 6863036 6389024 7339804
20
112812248 5086711 1381530 1230650 811112 223436 80306 23623 45246 8227 7885 11390 2694 866 203 966 196 209 149 67 17
71
23083994 9205033 5367368 3603011 1765136 3015031 6054597 1691977 4857858 9938036 5561021 7294647 1223493 9629734 3421330 9923552 2823183 3442132 5319071 6009145 4561417 6817534 4405573 2746506 9060550 6542713 8155773 4415487 6542701 4381848 4553884 5267921 7131752 7791326 3847081 3142487 6965972 9850860 8034120 5919190 9510485 6081994 9857443 2810992 2703314 1388260 7506564 5987305 3253228 2645359 9060546 4438338 2242030 3186861 5884285 6688406 6406014 2009612 8365900 5708659 4495340 7670081 8194737 8934272 1205633 4999187 4546554 8531311 3490920 4425700 9494230 9471899
20
63187291 2774361 431965 145894 131471 36363 4475 1767 3363 1148 320 32 52 13 2 1 1 0 0 0 0
20
100671443 3473703 3342431 523376 1075916 1064965 243168 133194 58259 56746 33903 49742 25763 4511 11618 10715 2490 4507 3195 1161 1226
20
117755962 4382719 532790 1737646 709156 310500 138516 74140 25558 56907 33481 5915 7050 4606 3599 769 832 326 335 168 41
58
12795538 8525922 2036437 6025444 3518207 2445734 9069945 3685427 4155681 1718807 3084963 5391159 8653595 1174058 3381430 8176540 5946069 4179229 2143424 8473509 1772591 3437564 2586360 6426587 8651940 2284573 1410933 1402759 5722650 7676887 8248016 9281403 3718483 4318785 1542477 1533332 7056089 2142247 6546541 8218736 3141486 2826276 4837902 2708915 8245252 9096696 4349073 9328110 6644519 6718401 7917053 8945402 6634527 3463163 2571553 9078105 1832994 9114125 3660538
20
117214304 1818521 895724 169867 189852 56500 78043 20897 11114 6662 2285 1359 425 248 70 37 3 1 1 2 1
93
5918602 5310484 2539412 3811276 1062061 9851332 7093877 9887922 8248747 8194385 2333439 2495587 7910266 3456875 2162114 8472314 9726361 7722359 1209254 6741875 5235681 3911979 7503820 6351409 1996819 3053709 1190609 8809266 6374756 5050183 4470075 1181451 4480596 7996064 4960144 7614585 6630071 8192036 5245803 2561674 1127247 3477683 7070172 5377359 8417984 4628358 2436097 8448507 1326272 8722551 4126445 4301552 1269003 6034469 9712927 3687385 3933762 9570417 5760555 6433285 4417359 4311498 4041494 3865031 7065709 8100907 5418776 7925403 9606793 4309690 3660282 9273417 5017198 5085213 4107920 5217959 1288588 8741596 4964792 2599086 3025378 5176503 6527161 2121027 7025006 6315407 9072538 9871379 1567221 7346049 7882368 3787092 5257092 3106966
89
124208165 2389536 8923893 1668034 4600064 2233978 3646096 8699839 4194098 7807840 8893962 4132695 7583470 1627211 9590512 8617214 6279346 2712691 9622090 4037071 5324337 2707326 1448826 2744960 3327680 7458185 6236613 3460790 7513982 1290015 6661597 5457772 6159518 6133437 4901281 7615349 3399017 2666468 6676292 8247253 3213604 8770419 9647077 4342169 6934401 7899444 7395388 3935494 4644397 2305279 7206266 7612347 9364388 1584960 3371355 1328485 8578574 5897217 5204254 6016989 9284846 8339992 1245434 3596121 1285922 2103036 5031414 9540654 8490681 3454282 2437369 1042980 1400926 6339261 4614142 9358850 7959575 4687564 5710053 3865559 5183232 6740716 9449601 4891944 2923565 1905775 4726435 6103216 3512371 9456124
78
8380732 4383242 1590965 2099855 7948867 3120322 6262742 4873579 4142673 1688135 7197299 4261715 8658008 7567577 7017860 4858318 1982974 3607920 4013490 6896338 7658691 9356631 7511054 5364651 8764915 2355884 3524808 6123257 2054773 8298061 4855342 5350870 3140435 4116388 1649151 5813913 1375199 6529119 3351629 3688467 6497243 9726400 2979558 6662279 4918587 1353890 9588099 4823681 7766211 6481711 5834760 4350996 5418813 5993364 8875380 2566376 4735505 6263642 4130039 9688197 5450351 9632382 8441708 1712294 6162489 8200415 6792399 5644962 8780989 9717146 3488716 9778654 2416842 5166734 5269215 2049075 7532259 9313172 1925119
64
6285395 2741082 1169579 1998198 7682810 2188752 8381797 1035568 3682991 1162796 6817536 7165164 8184021 6678453 9594153 4135421 2082435 1990609 6469739 2028782 1990705 4063245 3336711 6118355 5749186 4057200 7086709 7252898 7503047 7565626 7181765 7726763 6756415 8658924 1132232 6679685 4970549 9621936 3343589 1337242 5677087 8939494 3751486 8956128 5318472 4275571 5921589 9671381 6890443 7164147 6028113 9704096 4453210 2375745 5373363 8395750 4558612 9370711 5076629 7863722 8688689 2118634 9482265 6392068 2856885
20
127470069 7548281 5637012 6827992 2009671 4417067 2204040 3778441 3043749 1579293 1935460 2058497 2302061 1869001 588648 1673378 1337789 412221 1322093 564272 579886
20
52620510 552285 240686 157215 9873 10711 348 211 76 28 8 1 0 0 0 0 0 0 0 0 0
64
12731584 9623546 3949019 9604934 2262158 6074610 3999199 6339902 7354987 6473169 3366285 8545160 6510482 7530043 6603222 6891143 1675032 8367135 9781649 1455116 2964509 1930608 8479585 8269675 4949047 1641471 5206147 6716369 3843295 4348320 6706675 2540921 6355588 7430791 7337316 8617328 8509187 3012101 3229748 8325591 7890131 5199898 4570173 3006020 6461349 1095230 3595796 5506822 2602938 4383779 8677006 3167656 6112884 8295683 2421380 6172753 1887285 3636119 6328981 9217456 8304525 9506190 4078208 8384943 7658104
20
111723011 1187001 2112056 3101756 1833348 680125 1188538 735676 527959 333956 240016 33423 44080 95629 17121 31719 20943 26361 6614 3314 2179
72
13254669 8194306 6110677 6547382 9936924 7208911 5255047 7433966 2113598 4976398 6187383 3126211 2060256 4428309 9189634 6332360 7033160 6203762 1095968 8452443 2332975 1434576 2106877 6807002 8954778 8004213 5385248 9895735 7449454 8078101 9921411 5910739 9811210 7186435 9989413 1924401 7905175 9853463 6896605 3869384 9480302 7198230 9248867 5306359 9368904 9547961 1479973 4997397 7811912 9880743 2564597 6014424 6491434 2280402 6164083 8906493 6222252 4902182 6854538 3283835 6315737 8368652 2152206 1244999 5475641 8884459 4631212 3321038 6149786 9736429 1457703 8602092 7566076
20
104702714 5559861 2540297 3769597 2282868 751310 1030029 975284 1653633 1150002 252934 537764 749865 279628 525178 187477 210695 140476 299096 96388 209709
20
109293506 1391028 7996521 6018550 1971630 1659650 5832953 1344224 2693281 2902327 4515400 2251699 2567874 1717491 562430 2342453 1165216 1412823 2162360 1843646 635282
20
66905343 2815493 1190462 230550 23876 14087 7417 4146 3451 359 280 37 35 8 8 1 2 1 0 0 0
20
98160673 4194070 326116 589284 677120 244540 184259 69703 13465 5630 2561 4409 668 1005 385 128 262 15 7 22 14
20
84167983 2291630 773436 209937 244660 102168 10603 3193 1698 706 263 84 131 64 22 7 3 0 0 0 0
67
28768349 5319192 2428918 1382125 8815763 7911730 2726359 1550200 3834173 1447638 5661587 3545105 1810692 6611509 8185578 9219607 9944421 6020419 3344629 2700203 6851237 9623487 7558769 9628551 7382526 3909800 6586651 8764850 6812492 3552390 5835294 7602184 4250022 6370250 3161059 5049745 8251924 2332223 1900499 6470843 2382620 6020059 2222747 2441590 5453329 5286158 3356728 4117283 9832302 2955199 6534084 6942521 8766736 7818141 2818696 4446861 6870286 2209355 1808762 8909647 7315403 9397014 8070403 1036515 4700620 6008472 3217394 5771863
20
65029997 1399448 553845 114226 30266 11943 2375 736 201 84 4 5 0 0 0 0 0 0 0 0 0
71
16561946 6216555 8512165 4387118 3796401 6519169 6226445 9755949 6409489 6883375 7190423 6676953 8917294 5509220 7392482 4125922 8427664 4945084 5693378 2792275 6481577 1155092 1750164 4847091 5255803 4807178 2385070 4856653 8366708 6847599 3233512 6194596 2285475 8381614 1170270 7364600 9834315 4359893 1247489 8208162 9322015 6740315 5162022 8516190 5809972 1708697 3915657 3151226 7255882 7883731 9255735 2140702 1407471 4245068 8928102 4954199 3847437 3611656 4505856 3663267 5641798 8358348 4906073 9967811 7481985 1394517 1456964 9740100 7258933 1584705 7295688 9847298
88
8683693 8093697 1640050 8494224 4749321 2217267 8237571 4396318 9807721 7127363 4830023 8782406 3184320 3255318 4770895 8758304 2140925 4819219 2275368 6721181 2696876 4080256 3807721 2020803 7017407 6277180 1158161 2905116 8134757 2740683 8149345 4461291 9071950 9868195 1367924 2010206 6250586 5392558 1633488 3980368 7476547 4847633 6743159 5339587 6988486 9605921 9428655 7573747 2057461 3834567 4097930 1609030 4862192 5203090 9626986 5869273 5662652 8016984 1600748 1900997 7588656 7195864 8999012 6249925 7141934 1914786 1772481 7721629 7377963 7877661 9544529 3249558 6701895 9850093 8847770 9902857 4534095 9742838 4974775 7004955 8512653 7181705 1626146 5815552 4097475 2547006 1094258 4715174 8530268
85
23891562 2852027 7812625 6079598 2077019 7103388 6481543 8161436 9660972 5483899 9600121 7311632 1230017 8019860 7093220 5691452 3290212 2170555 8555418 1968445 3153658 1810118 6451793 6084828 2784925 2185027 7910450 3229186 4156945 7605255 1920608 4997084 2937214 9418429 8552612 2104235 2264156 3934854 2037888 9102223 5205871 2813923 3447973 4007623 9393627 5789382 8278358 2563992 2151878 7632140 5842457 7939527 5938155 1594676 4915548 8818518 6935671 4939515 9548475 3320860 2266871 3348277 5010636 7727628 1553157 4357156 8978717 9016794 8115319 2404946 8003842 7098612 3123136 9722788 5800354 1351967 2263163 5110520 9601361 3852169 8270738 1821625 3468869 6175618 4798350 5474252
20
113739403 4899544 1385925 2109771 590858 510374 383136 52967 147025 19073 64508 28669 3424 7699 4686 1413 2519 976 696 623 198
20
117469199 1196385 3772586 5430456 4357828 4694470 4213970 1630429 3677412 2258157 691959 821486 442230 1974447 1656478 1452704 304737 1094868 1017483 506958 429906
20
102188731 2551060 290071 410315 196294 381273 155518 95005 14600 5462 3680 6389 1230 2042 954 273 360 109 91 21 7
52
17289937 9957966 1869486 6675217 2610902 4080698 4397228 4732315 3884253 5443923 3459236 7531096 2140097 7705110 7004021 1081331 2860082 9026906 2895595 6595683 6186853 3217738 6297775 2594612 9111545 8191757 6347860 5472392 1500010 1026008 3301954 9651772 3827856 9918985 1190138 7428698 1274714 4482679 8499487 3618576 2664729 3357559 1910302 7772084 4629228 7870643 8415877 4244287 1388196 2827567 9128167 6798512 5506715
57
12192879 4774941 7376406 8405115 8525864 6711783 5365483 8626183 4186930 7012867 4236931 5426213 6502658 1805531 8520802 8034477 9952802 9745346 9685599 1908088 1305592 2438617 1586972 9224540 8731968 4737533 3920468 7051422 4153170 6888643 3591687 7526612 8679511 5736348 8511166 7678621 6145433 4436679 3879581 9634542 3025185 9135570 2709089 3703083 2175683 8173959 4230333 9135473 2708869 8478365 3865766 2724481 8167182 3982723 8106875 8276767 3231697 2936250
20
123015904 5805725 3405330 416487 2164471 1042373 930472 558272 277751 55932 156839 88476 50664 12993 39099 31703 5544 7772 10734 4924 4590
97
58258592 6460895 5493985 7753189 4421546 2583237 6344005 5333080 9583844 8626649 5142829 1623636 6835994 3295628 4683253 2118899 3761866 2889972 4398983 2730982 6747597 1049944 2939317 3787104 8956760 8898389 5260200 2979620 3153198 8540341 9659656 4883774 6300107 7117610 2273271 6410762 4706931 8903566 4190202 7015967 3477856 8895146 2370343 1649590 8884761 5879535 3666255 9194947 3222171 1471622 4089106 5366807 4496549 5687904 9383054 5472036 3696518 7871152 1069576 4011977 4729324 3970963 3368481 6819421 9416796 3898859 8386783 2967567 9556148 3291364 2670234 1672308 8500602 6798478 1312897 8563306 1366261 3200107 2203581 7692450 1191281 1362324 4683137 2222002 6209120 4870813 4232599 3574563 2924018 5783729 7917518 9812363 8730011 6843040 2678577 2001294 7675470 5249702
20
48230589 1233682 86059 59718 2173 761 771 154 20 0 1 0 0 0 0 0 0 0 0 0 0
76
5688154 4293176 2462946 5094688 5561189 7340052 3930833 6933864 6678300 9960053 8610389 3628639 2275219 2626568 8068135 3245430 5896601 7019970 5298984 4813254 6005272 6811701 3803646 9036378 4465221 6039177 7865465 5370198 5660275 5264590 8200611 4586376 7489716 6143685 3583498 3004214 8896492 7743305 9803334 9552334 4053073 6505006 8547527 2914160 2617731 3891499 9875291 4174445 3721377 3492842 5370437 6457616 4695813 6691041 6332010 9295919 2117745 5685925 1850857 5114951 1250265 8034603 8695076 3821229 9019956 6925301 4063724 3720765 7435785 4988844 8232659 6934300 8503031 9881455 5576280 4567838 1768671
90
15245724 5583432 3819963 3146675 6092377 6213205 8080941 9057620 3214169 4280492 5466630 6918091 3573702 7505422 4262132 9326552 5223566 8391111 2214054 8398329 6341961 6109918 9869308 1869097 9304966 2108681 2626637 2332043 6824514 4056349 3618305 3011385 6462831 3153511 2415801 8924389 8488092 4566044 9424545 2683667 9691721 8199393 8207499 9115946 4699858 5219602 3350689 6293377 8574801 1560713 1879118 7975436 4093747 4213185 2156716 4106761 3516909 8439456 3591290 9600905 7419658 2910690 6435486 8048432 4130506 8205178 6812521 3962426 1100104 4093956 4056332 2224551 4245433 9998500 8060710 8422170 7596163 6435717 5416398 3810244 4248365 9741804 8048029 3353923 3652287 5556057 4712144 4147606 7724033 2037778 1328693
20
51704001 1561788 114562 85991 15026 13630 2067 1051 108 44 5 3 1 0 0 0 0 0 0 0 0
88
11472454 9605383 7408380 4292852 4381878 5943292 4611683 5951162 2496113 9527658 2098316 6116806 8524914 6125381 6947807 1207238 4225215 2322502 2112022 9614940 9890375 4203454 8278713 6338622 4067721 8936226 8355429 4944657 2685050 2955147 5152779 5774981 1265718 5307298 8113229 8358428 3534222 3431356 5453603 4105085 3516630 2840651 2123438 6168978 3032657 5040632 9123121 5939612 5807672 1172372 6789320 2336782 5205925 3051596 8761766 9411764 7330131 7205775 6757527 5704858 8435788 8536271 8135620 2003752 5600231 1642724 3438394 7447311 3346695 3288846 7220138 3422276 4069803 7743059 8074099 3463273 1857428 1133132 6191393 5445624 1001516 3762361 3179314 7871389 3315803 5873832 8738682 4223022 3219561
76
26031856 7825212 3130545 6951818 4820210 5890862 8529682 6985815 5017741 7276377 6805537 7094235 2792065 9684356 2858539 9574099 2961105 2600940 1075249 5846553 1841699 7406020 5646077 6617275 1964534 8139098 7938478 1993617 3644939 6072939 8453168 2681014 8001223 6897953 8665238 9874107 5171644 5277502 4059960 5084077 6642430 4571758 3517391 3196591 7160037 1699722 7328556 4211469 4418507 1611602 8609847 9655517 7366750 2292160 4484012 5050959 3908391 7965238 2611671 3176281 3669494 6718455 3891840 5784969 4853823 9988341 8716611 3558815 1495678 9419235 6612223 7888322 3392017 2201142 6847269 7377697 2757434
66
6995987 3356868 6108863 9607983 6477888 5641260 2004118 8548720 9550097 6095500 5782199 8297757 8136158 3187802 9933232 6243322 4019421 3364722 8687495 3146091 6509406 5363988 5903324 3279779 9418469 5676005 9603790 4446134 9392393 4368791 1625969 3966078 6795967 9180352 5075847 2445641 7959802 6661881 3207445 2707856 5394398 7309040 3687157 7396071 9368566 8799392 3147050 3234747 5654853 1962995 9505140 8938723 4575601 5384801 9165742 8589498 8351571 2095117 9090449 7362137 3362466 1346676 2191100 3896055 8773612 2224839 7166678
74
9163256 4822805 4606919 5297518 2481046 6282170 6340291 3767721 3376710 1895107 7994707 4010525 3312224 9466978 8091005 8441185 5388617 2905188 4441248 1959137 4063731 3637838 9186047 4986277 5725939 6360282 6395383 6331628 6082743 7605965 2163659 6956567 1608547 1231744 8966947 5124656 6948136 1313760 1384226 4657479 7602122 2383087 8463411 4425318 8867854 2487066 7344838 4878905 9413360 7951152 9649770 2907335 5825303 7033442 3129234 7244049 1271009 8232798 9815363 1248322 4301940 2231038 9079747 1309641 3975298 9242153 1269014 7004132 2596298 6911441 5116442 8911813 4272080 1147855 5541908
95
5128103 2815420 1877565 7182810 3864600 5910121 9540912 9513472 2363299 6672016 1955689 4068798 6996374 7778061 4724716 8315304 9114700 1305874 1384010 2047385 1480848 3551309 4177168 2303446 6786660 5168117 6505416 1315834 6465743 3812362 1804973 9427296 1695593 9871014 3580269 3310555 6841185 6676621 5043518 6543790 5994472 1788768 8114331 5485589 5481304 7346913 4176572 1417721 3830765 6071259 8639834 1947851 1445131 9779345 2687916 4101271 1043856 5794594 2968464 6074552 3370919 6588620 5545353 7686417 2565319 5531737 4541357 1603451 7615832 8082366 2857107 3140177 9922151 1022280 5614554 7173190 6742550 4354401 5960868 3005438 6816440 6296550 7194821 7436797 5062043 4781243 5083076 7978965 9648741 9321600 6942315 4700193 5858261 7640851 1702041 2662143
96
13620209 4006727 5018379 9867018 8469044 5129409 8965992 4831344 3523616 7832986 4015315 9596164 4332152 2644466 9515684 9466053 5737989 4900856 9660417 1513001 2797198 5884932 1783760 8143599 5816019 3718473 3705720 9831978 2312658 3421030 5234361 1832936 2966317 3496151 8841039 2210227 8920993 4482611 1064030 4014461 2049146 6166501 1406374 5477486 5427675 7687843 1996335 4163235 1102059 8238397 3421527 4250848 1387758 6295366 3269339 1194395 7986958 9798046 9451371 7053928 8947777 1484559 7410374 6914908 5025051 7226645 6198325 8913677 8461287 3365922 8915240 9720230 5147108 4674366 4367021 5185496 1773489 3974746 2659695 6819468 3396551 5338754 1666323 4217417 6781120 5591811 7675812 2505363 3769509 2839328 9709579 7434277 5130308 8148016 6640957 3208490 6635119
64
23180514 4741153 9217508 1151217 1637797 8994865 8959982 3360188 9458805 3266639 9368441 8045839 2302940 5578446 3285971 2035485 8674721 5015796 5282931 1675962 4962546 2092834 8515609 6157430 2799317 1780207 1208281 2232244 4871708 3435638 4552693 3803884 6230568 8835602 1359693 6126778 3857349 7486267 3171348 8934349 7323517 7460615 7359326 7334015 4499442 7973225 6763676 8538117 4079380 6483404 2818860 8045399 6672200 2964520 4583673 3267521 2942726 1225594 3927065 1315524 5215300 3067011 8961309 2494176 3798714
91
40861534 8756983 2613666 6374993 2496798 5667621 2710364 1413126 6274580 4899098 6571826 3731557 8067212 6499388 3845744 3253813 4169694 5831524 3550518 1556275 9543404 2965986 2040213 1077779 5473512 6590898 2127340 3579908 4951510 4897183 6362073 5838009 5022042 1868203 5920914 3396179 6898500 2018801 7793284 5870453 8361369 2191357 1376300 6228879 1798908 5585182 1173522 4699909 3051880 8849141 6861981 5396826 7217123 5824461 6516328 4010809 8763841 6793549 6721279 6282269 6193009 3302370 2159394 4490472 7431538 7173837 1586023 8985236 9729375 3958019 6565670 9679332 9713321 5481350 7417941 4943893 5666166 2859432 3961381 2194958 7179221 4111335 6761713 4286867 9543391 1805158 7493285 8545796 4941086 8627418 6679771 4046333
20
125434864 7464597 5614281 3059753 3036665 798401 1184315 1043233 635256 329831 659010 263707 91583 148244 61383 176267 74374 26844 42019 63289 48082
20
109418397 3368776 626638 648805 330211 46917 84671 46650 3784 8361 1132 2344 1123 257 176 13 17 25 6 4 2
84
11425726 3580484 7041852 9406069 6413075 3700011 7707071 7202539 5170002 2294995 4586001 1251721 8335197 7301160 5499465 7948805 4678108 1326848 4334318 3008939 6199904 4715935 1229392 5835981 3779798 9764337 4649289 8546538 5784443 2058143 2834367 1470070 5165379 6175392 8070672 7012773 3774370 7636683 4846681 7963332 2218249 5520077 5182340 5673397 4214925 9618281 9616498 2084824 6922951 1411033 6727417 1728714 5024647 9109795 3713110 2707038 6607910 1621006 5461227 7074286 6227248 8248120 6953784 5306865 7281791 1846439 9003973 1697144 7814722 1575338 3229585 9261714 8387734 4901474 3375394 2096085 4760659 9415614 4378119 9282003 7368499 4792831 8807030 6453560 1844191
57
80410647 9192507 3975585 5596128 5661321 2648008 9720026 5067634 2954928 3158346 6265945 9133972 5141121 7885892 6569321 7931369 7594492 4165143 7618824 8956191 7724322 5282548 1555968 5276537 9025726 4717648 2597490 5969191 7788319 4472343 2718828 2548612 2460650 4335845 9487649 3253911 7995264 6067810 6750628 1986261 8646421 3190624 1468312 9753930 7882424 1227876 8923111 8289699 6669094 2429134 1778939 4968960 3595593 3564365 2367616 3043061 5826360 1905623
20
106844787 1714669 3972654 1840865 540483 2110084 1367788 844435 321085 224960 192809 329266 157732 102158 33548 14927 60462 16962 10829 23539 22069
20
122224039 4627056 2357470 1133627 329363 188799 98999 18537 23572 6009 2725 3492 723 635 444 139 121 16 21 10 0
20
95357816 2548948 911410 215067 115869 24205 13394 804 1288 507 110 46 17 5 0 0 0 0 0 0 0
59
8989874 5141490 6465763 8437050 3877656 4293071 9404895 7778400 4323079 8932708 6429432 1516341 7119757 5811767 2634133 4988030 6688908 7745304 6736875 3205569 7649993 3619066 4467495 4634060 8827230 6924061 9829477 7037889 9107243 8594803 3115812 2218982 3255891 4841671 5902198 1286009 2358615 2273522 9724660 1664803 5632413 9639150 7475886 3880600 7097622 9076789 4626333 4492842 6014649 4323271 9992217 5104897 6779641 7278162 3607820 2011038 1806244 6216921 4862654 7190426
20
109715363 4042815 2620730 1904793 474384 93707 351017 52103 67806 63749 49674 28460 2745 11959 3081 1053 1150 1478 341 90 280
69
33190629 1292638 9167480 7807470 4068184 1053959 5546828 4626071 9312022 3285519 4308269 2022272 8782262 3820745 4937850 3053491 1751180 3924104 1462043 4476275 2965514 4968040 5363722 3955971 7825397 1667204 8640807 1005291 8716904 8323439 6890207 2517982 7758438 5693989 8687765 9133225 6577237 6934418 4241227 6985300 6190913 5217078 9455682 8691423 3164641 6093255 8518637 4116309 5170193 7071724 8704715 5115751 4169483 3535277 6582202 3034228 8544106 4396681 1695231 7776854 9168863 3461589 9759038 4754627 6279798 6013299 7222880 4364978 7938270 2655890
52
140217800 3394355 1342804 7993759 7929221 8097981 2339857 1036342 1030257 6750406 1199935 5893484 2997963 7927639 3568475 9270078 2336799 7657825 8798588 7574823 9819479 6424304 5207303 9474062 3257525 5136824 5332764 7837975 6677475 3478709 1075284 5940335 3099058 8555204 8846074 6058124 2051616 6610305 4456315 9374992 7874676 8167089 4358743 5089397 9959444 1631368 4420084 7396242 5946650 5441135 5382922 3378314 1498575
20
104323041 1202516 4529017 2566509 2197679 1888192 1264869 572531 971971 882658 779632 662465 415452 300965 76451 105947 23337 87691 58644 25291 22729
91
11538076 8608030 5482487 3873198 1757872 5875376 8783162 4347901 5572711 3454916 9318293 4330488 9073653 7062162 7573610 5667280 1667396 3524651 3215390 9005600 6792845 1948641 1683037 5695016 4289717 6898082 4102880 9154690 5624490 2621893 1582578 6498692 3962589 7785111 4746055 1886718 2293640 4029630 2294850 6223601 5732527 1736697 4538403 1368354 2883487 2164408 5634319 6944604 4376585 8734597 2809534 9644587 5456731 1342488 7213108 8183543 4470353 5682005 1420224 1169376 5336509 5920596 7108077 2701948 4631423 7701932 4040028 2108985 7224498 3021706 4176642 5095737 1613434 6908191 6790336 8543789 2840233 8804160 9073356 6816752 5605442 9550140 5570675 5956431 8936872 2546780 3117859 6124473 4314205 6034835 2323558 1529956
20
69671088 1036695 606556 501955 238502 67781 45105 3988 2805 469 380 275 51 50 8 2 2 0 0 0 0
79
8132334 5805499 7285217 2995248 7575429 9395020 5600570 4997942 7389049 8723328 1089493 6251127 5845808 7026418 2121705 9413045 7736744 5790209 1470393 3181845 4484748 4509429 2447848 4014692 3585828 7699259 2944688 4253565 6253114 9050946 5024962 3612477 9272938 7740384 3739382 9961466 2070559 4145564 9349501 3783062 2306239 9892647 5458651 6649343 7488434 2806931 6069821 6878237 4215200 3435696 8032546 8922156 9439460 7110184 7200097 9917850 1732368 4002240 3647089 3209008 2153946 7602114 1202263 5594825 5884645 6785732 1825428 4138751 7306725 7148069 3352882 1048129 6162873 4289241 2745340 8779295 6428339 2507774 1156574 5919228
20
41991357 1944706 92826 14232 2681 1230 611 26 25 2 0 0 0 0 0 0 0 0 0 0 0
20
115493997 2235864 1691525 1024478 409271 88908 87041 6178 28292 4293 2510 2756 931 250 247 111 18 28 8 6 3
97
6825740 4798151 2881485 4528745 2818089 9438838 6722779 2585559 3136815 1410917 1399277 4255861 9970794 7660353 9062055 8881933 8128295 4430237 7019319 7213509 1230048 2838876 7815731 9723780 6405089 8686218 9515786 8245724 3859662 3175332 9705687 3752187 6306692 8558602 9656815 1401955 6305552 2488076 8468258 7768128 6334680 1043837 4280546 8996957 1975669 6666127 8339811 6005920 1653836 8761132 6669845 8332751 1916360 6056625 4122693 8527845 8530228 6516414 3934631 8193014 3369207 7123169 9862974 8798043 3303752 4034317 7529548 1444810 8058373 7929331 2895055 4855396 8785083 9094932 8612132 7593084 1331127 4758625 7690772 3762017 4914378 3635992 7179490 9368622 8269753 2499663 3064956 4805073 2664838 6110933 7113621 8897827 8541041 8136674 7958017 8754226 6393333 4337036
20
69204233 1924845 140747 17234 22097 5115 1391 328 80 20 3 1 0 0 0 0 0 0 0 0 0
70
8037008 7158066 8075211 4107366 1892376 6913286 4699934 7015675 1365061 1869401 4385650 2430677 3773119 5231653 6646040 9378006 3064852 1412030 4246124 9934794 9412892 1007625 3853306 1718579 6731055 8910549 1492944 5100416 8870992 1882376 3090614 8949968 1323463 1966856 2690328 4056897 2604267 4579572 9497773 1763086 9012105 8214137 7463894 8720954 3548209 4280805 8732758 1722267 2385301 5337799 8839450 6123761 5322821 7762015 9955920 2446415 8642307 4879016 5774280 3295576 7590032 4687643 1318536 2339748 4063542 5418197 7790606 9753130 1051175 7521542 4795508
20
54825464 989135 88930 72771 29686 6168 1227 290 42 5 2 0 0 0 0 0 0 0 0 0 0
53
41839831 7756115 3324695 7049328 4326291 8910569 8966692 4324913 4784177 3847283 8034316 3046517 2255598 8085407 9577028 6357923 9362753 5757002 7037664 6944714 4238351 3286783 7546616 4314626 3704269 9167447 5290370 6119530 8357773 1836296 7983856 3049130 7193607 1001269 1929379 9835882 2922685 5670732 1619361 6191175 9721719 6291830 3800743 5193715 6106144 3073654 2464541 2451780 7675189 7892660 3462606 9453384 8542367 1885320
71
104787110 2244695 3109204 8814408 8360428 7438852 5002067 8351835 1557433 3570243 4331851 1983825 5326437 9789699 5000624 6626792 6016692 6241867 2356966 5522864 9446099 3738356 1769486 6166093 1946734 2073445 9443365 8746644 6763295 4533177 9432575 3512379 3265044 5767586 1679932 3790835 5676615 5902656 6741226 1785228 8395975 3018503 4248844 7694499 6323621 2519956 8283384 4985365 2573176 9727864 7765049 9919681 8695669 4713087 7744713 7759291 7941498 1042604 4882843 2951532 5036412 8939009 5830301 3075310 4574870 6593962 3901397 1238007 8410128 9748548 2843550 4654030
64
6024362 2053761 6546565 5434523 7273675 9755863 9440971 1890152 3557599 5267401 6108812 4474706 6323298 9885494 8608126 2785522 8472511 2823010 4260615 6245384 4351579 8172766 2483776 4564714 8086945 4472401 7861510 6033937 3344636 4310152 3947338 1137324 8616988 6167769 8820837 1366934 6684609 2695880 2519573 5525070 6481870 3337629 7528917 5139054 8639717 4489929 1398466 6145862 2935066 4987548 4602924 3373694 5342909 7610142 1956954 5552763 3017951 6368095 5769307 9266134 4969319 2566152 7731870 9967617 6309971
91
16144818 6031193 9926594 4065268 6088685 3538028 1001899 4880442 8091620 9344854 1150147 2652069 9432873 1696239 1691703 9494092 4154717 2209381 3548908 5421529 6207946 7776539 6775371 8966489 2899479 8289138 9467620 8340978 7650074 8999811 6736803 6014712 4550943 5325229 4190458 4819918 3176646 5081662 4004128 7594007 6788566 2318339 7185909 6538374 5845151 7803746 8399223 3245453 6740913 1412167 9019196 9300990 3908516 2443004 3994347 1279892 4088553 4075117 6618262 7638931 9676093 4826280 7664585 7081108 6287829 3003090 6318075 4494626 7871709 8287361 1733994 1988903 9029167 6698886 9821522 9720073 9025285 3527832 3820731 9483503 8304949 6929249 2470850 7086438 4775931 7500207 9690236 4965693 8595182 3105093 8339466 6674225
68
7862646 7890688 2974328 7793829 3909088 7314675 4947710 5454043 9625660 9271749 5690419 8296858 6805570 5212225 9993568 4935344 1212224 2988230 4844500 5695974 1906996 9001723 8700386 3439377 9894618 6363239 4153104 7005911 7638233 2885489 4344319 5352045 3583928 5899289 8335637 8495798 4751680 4467459 6009483 7083803 4139502 2306809 2181550 9382018 8147575 7019556 1207966 7754866 9441429 5130209 3939459 3696591 3632948 6269576 9784076 6820455 5021041 1847708 4762174 6346573 7905292 7679783 6775450 6922085 8283280 8110019 5667056 4260046 3670926
20
84656691 1685081 262285 752670 419464 128599 84702 6648 12331 6644 1693 258 542 331 153 48 22 5 1 0 0
