100
2
200 100 100
2
1000000000 1000000000 1000000000
2
1000000000 100 1
2
250000001 0 1000000000
2
11721059 1989521 191090
1
5912103 1997141
2
9596389 4337724 1229722
1
4448415 6998386
1
7470692 9039517
1
3103187 1872775
2
12237089 4719878 1842687
1
2711407 4567752
1
5630565 2921471
1
6980284 3604570
1
3817585 1336511
2
14521256 2869942 1526870
1
5159543 6865555
2
5275588 5784726 5462110
2
10230172 7628475 1389829
2
12800033 8259811 5108663
1
6404507 2360536
2
15096783 4093009 1810175
1
9472505 9869814
2
8136696 7462111 4906104
2
7914416 6726980 1381430
2
16346714 8174489 8929029
1
7872277 8079372
2
13388068 5236383 6072595
2
5800901 6889918 2542634
2
13786481 5988468 9718814
2
13093789 3698056 1118665
1
1568710 1120270
1
7126262 3915073
2
8816264 2876896 430614
1
9115499 3838170
2
3130331 2281200 1348936
2
7272357 4244645 3591676
2
6123387 6138757 1683473
1
1965221 1859751
2
2312300 1096481 4900980
1
850683 1375300
2
14793992 3991063 957342
2
2080598 1332089 4320209
2
12577961 3492612 1446834
1
5429402 4514489
1
3133908 1882760
1
4918398 7044268
2
10674307 6407104 1951988
2
9347181 9558048 6737987
1
5970911 2431498
1
2033682 2340832
1
3748711 5106360
1
4688156 2277142
2
15571823 2072555 757621
1
7220412 5988008
1
7078362 1629960
1
7680644 3987001
1
2388808 926959
1
2687557 2509883
1
7067932 5753315
1
4599956 7091498
2
16157748 6915878 9032105
1
5687459 9893874
2
10853517 1302376 178344
1
5862044 9333651
1
2892071 2208615
1
6707318 8539635
1
8594161 2453593
2
11803304 8325989 2588664
1
3673735 788902
1
1024890 1672555
1
9098229 4621292
2
11329191 6719756 3152149
2
6433271 3242358 4890422
2
8603609 5273509 8115986
1
3171443 715402
1
5654505 3031054
2
7385639 3263024 7331169
2
15985221 6679205 9899896
2
12870656 3915722 553042
2
8286388 9583134 8545297
1
6074230 8404375
2
7973154 2399543 323518
1
5104695 7668772
1
3842946 1767340
2
16905741 4416494 1653111
2
8843020 8337804 6040630
1
4204853 4438619
2
2532462 2710933 2424423
1
8689308 9888783
1
9185120 7972647
2
13797724 8463010 9174504
1
651567 1066954
1
5927448 6609676
2
10873135 9230341 5354897
1
3309711 829130
2
7112227 987200 5000136
2
16655670 3768686 2600457
2
3769246 2908519 5736099
1
8957723 3708531
