100
901 8
1 1
798

10 2
31 55 60 115 214 244 311 463 554 696
9 14 9 14 7 15 5 15 1
6 2
92 167 249 466 730 794
3 2 1 6 13
1 1
894

6 2
192 205 236 417 520 942
6 3 15 6 2
1 1
714

2 2
516 662
10
6 2
111 158 260 284 292 559
1 10 10 11 6
1000 8
2 2
307 506
8
3 1
395 534 843
1 5
5 1
78 152 285 544 672
13 4 8 11
7 2
70 100 122 165 261 470 707
15 5 9 4 15 19
5 1
203 359 461 501 991
12 6 16 2
2 1
522 724
2
3 1
474 571 594
9 19
5 2
306 565 762 764 890
11 2 2 12
944 8
1 1
534

7 2
112 124 131 213 263 289 541
45 25 37 42 7 12
7 2
105 129 163 181 250 394 686
46 33 20 44 34 19
10 1
55 109 154 186 196 379 528 647 708 854
14 15 38 1 46 18 43 33 42
4 2
585 729 809 862
10 9 47
7 1
111 125 156 220 388 472 923
37 14 38 7 41 4
5 1
280 450 478 481 579
5 1 31 22
7 1
243 246 339 532 593 751 766
43 44 40 5 42 14
992 8
10 1
28 35 65 130 158 252 503 772 899 904
74 21 51 74 7 65 52 99 2
10 2
53 60 110 207 242 278 289 492 857 944
88 83 12 58 70 99 22 12 48
10 2
108 114 126 131 210 271 444 459 601 830
8 29 82 34 50 58 41 82 22
10 1
58 86 148 156 175 319 398 539 667 758
6 32 57 99 26 57 46 86 9
10 1
59 71 97 140 220 282 538 597 640 982
87 95 7 77 17 13 54 47 84
10 2
30 37 42 81 112 217 334 526 531 714
36 38 50 7 43 16 79 56 85
10 2
188 295 353 538 560 691 694 802 933 993
46 19 61 6 9 50 84 23 9
10 1
14 26 34 68 76 138 182 190 335 529
41 78 14 98 61 93 22 4 75
957 8
5 2
151 218 231 326 585
2 5 22 16
7 2
80 112 116 192 230 358 588
6 11 11 11 14 7
8 1
46 74 105 125 205 237 305 559
18 1 16 23 11 9 16
9 1
95 117 171 335 358 382 414 763 796
20 10 10 6 20 17 17 11
4 1
471 482 512 703
16 6 8
5 2
380 584 631 716 729
4 21 21 2
5 2
346 388 396 521 898
12 17 17 9
2 2
532 951
18
957 8
5 1
271 503 528 568 761
49 78 41 31
5 2
264 266 382 629 677
4 8 3 35
1 1
891

4 2
399 416 497 889
61 44 94
1 1
838

7 2
79 124 217 352 431 573 718
83 33 4 41 58 77
6 2
138 220 355 416 658 756
84 54 73 88 61
5 1
312 384 410 617 817
73 91 13 13
924 8
8 1
64 82 158 181 283 357 370 529
30 25 3 20 4 30 17
5 2
122 126 250 284 520
14 18 29 17
3 1
509 569 643
21 3
8 1
74 103 158 168 244 297 526 878
10 9 16 18 26 22 3
9 2
42 61 78 99 171 229 414 460 694
19 4 2 18 29 3 9 16
4 1
197 348 452 639
22 5 2
6 2
170 218 222 296 313 543
4 30 16 9 21
9 1
124 156 162 173 262 403 410 804 858
4 7 2 14 9 8 6 14
970 8
10 2
76 81 87 125 162 248 370 637 765 925
12 10 12 22 20 22 2 3 2
9 1
93 162 225 238 310 478 508 611 803
24 17 19 9 24 10 12 19
8 1
84 110 130 157 296 366 606 862
6 24 4 1 22 20 2
1 1
877

1 1
958

4 1
364 541 694 799
21 2 23
1 1
837

9 2
81 83 124 181 247 422 461 640 764
1 21 18 9 24 2 16 5
968 8
4 2
216 355 423 585
24 7 11
2 1
441 573
23
8 2
145 232 295 317 331 495 779 958
11 7 19 24 10 14 12
5 2
117 191 368 535 814
18 9 11 18
9 2
26 36 45 81 129 144 217 342 668
6 19 16 3 4 24 18 15
4 1
220 416 512 949
9 2 8
7 1
113 180 337 338 410 545 996
5 9 14 19 20 14
7 1
128 172 179 314 509 757 788
24 3 7 6 5 8
928 8
10 1
31 62 114 223 317 362 685 705 718 752
35 29 6 5 34 41 6 22 13
10 2
39 46 48 94 105 118 138 204 318 508
29 34 16 15 7 38 18 19 15
10 2
121 175 196 252 423 549 612 676 864 995
23 21 27 34 28 4 38 2 13
10 1
56 70 102 113 161 181 258 381 684 796
15 1 4 9 23 14 7 16 25
10 2
102 148 282 475 563 655 677 690 826 947
10 16 14 3 21 33 43 21 34
10 1
66 77 83 86 143 221 233 423 553 869
4 3 8 42 15 32 38 19 6
10 1
63 64 69 80 92 139 165 305 382 673
22 8 31 12 38 22 44 44 30
10 1
68 87 154 174 234 258 319 321 345 509
3 9 4 39 36 22 15 23 39
938 8
10 1
68 110 148 170 202 276 289 404 469 668
3 16 4 18 3 7 28 13 13
10 2
19 23 40 47 75 123 227 316 467 877
28 11 19 17 22 17 17 16 14
10 2
31 42 71 115 122 156 159 239 469 568
10 10 2 23 18 29 10 2 17
10 2
90 147 237 263 323 368 390 504 608 829
29 27 28 1 9 24 25 22 22
10 1
14 21 39 72 122 162 230 415 740 853
23 22 11 25 8 30 31 18 1
10 1
40 48 81 86 96 124 213 278 446 763
12 23 22 29 22 18 7 10 26
10 2
51 61 75 85 102 112 142 241 416 789
7 4 30 26 6 4 14 18 5
10 2
18 31 53 89 117 138 169 333 497 657
18 4 3 7 14 28 20 20 21
918 8
9 2
74 90 171 288 290 304 324 358 528
9 20 15 18 14 16 5 20
3 2
179 332 613
26 29
10 2
112 115 128 160 167 194 301 467 513 540
5 9 4 30 18 14 23 6 16
10 1
94 171 179 221 234 450 486 793 859 897
15 11 9 25 11 14 25 9 9
3 1
309 534 819
10 8
8 2
156 175 179 263 414 524 719 908
20 16 4 27 19 13 7
4 1
594 735 826 979
4 28 29
8 2
66 105 118 181 260 306 472 542
8 1 7 26 7 10 2
961 8
7 2
94 132 175 268 486 554 782
4 8 3 11 1 6
10 2
142 149 162 203 289 292 307 484 580 788
16 14 11 17 7 7 2 8 9
6 2
293 321 472 565 743 837
2 12 11 7 2
3 1
484 517 528
1 2
8 2
80 100 108 126 152 196 313 513
1 19 15 15 8 10 9
6 2
97 179 237 436 867 946
12 15 3 9 14
6 2
90 126 207 365 567 750
16 2 15 14 3
9 2
91 133 146 282 362 580 604 796 878
5 13 9 3 6 9 6 17
932 8
2 2
770 942
26
7 1
55 110 140 252 318 522 782
8 21 23 24 29 7
9 1
17 21 39 79 159 270 320 545 712
3 11 24 27 30 21 15 13
5 2
174 272 431 570 816
13 6 28 9
8 2
84 91 96 132 210 389 599 688
4 31 13 14 21 16 5
1 1
913

6 2
101 179 298 367 505 729
31 20 9 8 1
8 2
140 167 232 357 365 437 626 928
15 28 25 26 16 7 27
968 8
10 1
39 42 63 71 108 154 179 281 333 538
25 26 4 6 31 6 32 21 24
10 1
14 16 28 38 74 121 177 274 479 904
8 5 2 9 1 32 7 10 9
10 1
61 66 115 127 246 282 322 419 547 822
22 31 9 32 22 29 5 18 1
10 2
27 46 55 82 115 207 233 283 564 844
4 25 16 20 17 30 11 27 15
10 1
18 24 28 57 89 131 181 280 383 563
23 1 16 32 11 17 14 23 11
10 2
64 66 109 137 199 318 445 457 618 650
7 32 13 3 19 30 4 3 15
10 1
32 34 58 72 95 183 215 347 388 516
25 6 27 2 7 31 6 29 24
10 2
63 102 115 162 195 198 349 508 723 946
20 19 7 10 24 14 30 22 15
981 8
1 1
860

10 1
93 125 141 151 155 223 334 622 635 933
18 20 21 1 3 4 31 5 4
6 1
249 295 416 546 560 668
5 16 19 3 29
1 1
579

10 1
55 58 88 91 151 161 220 376 527 721
12 12 3 19 5 23 7 28 25
3 1
354 386 633
16 19
1 1
733

3 1
538 851 954
2 22
973 8
9 1
45 48 50 98 188 214 328 606 970
14 17 18 6 11 11 8 14
8 2
115 196 264 314 381 419 744 746
7 15 12 7 13 12 14
5 2
172 244 462 500 849
1 3 3 18
4 2
198 293 436 635
14 4 16
4 1
286 332 582 902
18 10 5
2 2
790 865
17
4 2
479 614 857 998
2 4 17
5 2
224 264 279 542 999
17 9 15 15
959 8
4 2
280 385 507 755
12 6 15
3 1
327 535 623
2 28
5 2
176 253 396 496 646
10 27 20 7
7 1
205 264 330 369 375 446 593
18 27 24 22 5 24
10 1
20 31 42 58 100 167 259 367 608 956
19 8 19 27 8 16 28 13 31
4 2
567 609 645 721
15 25 22
3 2
388 456 541
13 1
2 1
669 959
30
984 8
1 1
702

6 1
202 253 325 455 684 734
72 80 90 3 53
3 1
494 616 651
10 44
6 1
323 326 559 741 890 898
95 42 37 8 43
10 1
25 38 44 85 135 144 245 348 355 538
29 55 18 50 24 4 32 62 81
9 2
41 70 123 140 214 326 412 476 588
29 81 95 79 51 29 97 30
10 2
51 61 116 134 143 222 376 638 730 873
25 23 27 93 73 56 56 86 93
10 2
87 88 164 290 359 413 457 494 569 768
81 84 3 35 36 13 90 42 73
903 8
10 1
56 59 77 121 155 173 284 350 690 977
11 18 20 7 4 4 5 21 22
7 1
140 185 206 232 313 444 505
14 22 10 8 9 15
6 2
157 298 325 482 753 991
7 14 1 9 18
9 1
21 23 36 53 101 118 219 320 511
7 3 16 17 22 8 14 7
7 1
86 90 127 232 414 449 871
22 12 8 3 4 16
5 1
154 213 265 463 554
18 17 22 12
4 2
178 260 376 718
7 19 6
4 2
291 385 751 776
9 19 15
908 8
9 1
58 81 131 165 169 282 371 474 624
15 14 29 28 7 19 5 2
3 1
279 504 673
15 5
1 1
845

5 2
304 474 506 621 696
25 23 11 27
10 2
33 55 90 159 213 226 427 558 649 731
27 21 21 11 26 20 28 18 3
9 1
43 48 82 143 187 374 702 776 967
27 6 4 12 18 21 6 5
3 2
467 760 996
9 13
5 2
216 229 408 524 874
19 14 13 23
949 8
1 1
975

6 1
261 266 382 425 650 832
1 20 6 33 36
3 1
373 718 809
31 15
10 2
49 90 94 142 165 289 306 319 455 542
47 32 13 45 29 26 39 7 7
9 2
108 152 174 200 259 347 392 557 927
40 2 11 7 40 17 40 1
5 1
291 295 577 595 706
15 37 11 29
4 2
221 391 543 990
36 4 24
7 1
74 89 151 258 327 497 666
30 47 31 18 36 41
966 8
10 2
67 124 140 150 182 186 296 368 603 724
18 10 19 1 15 3 15 19 1
10 2
52 55 96 129 134 163 187 300 485 918
14 3 9 1 19 12 16 10 8
10 2
44 54 77 125 184 270 350 442 668 988
6 7 1 10 19 4 12 18 15
10 2
9 13 20 29 56 109 144 273 534 959
6 11 7 14 9 14 16 9 19
10 2
31 63 74 121 130 198 272 376 512 576
19 13 17 5 3 3 8 8 9
10 2
85 135 141 162 287 296 322 517 574 735
14 5 13 5 5 9 10 5 6
10 2
60 90 117 118 139 145 161 306 541 668
7 16 4 5 3 6 18 4 17
10 1
45 77 140 214 222 239 318 550 554 770
4 19 5 11 10 17 14 7 11
971 8
5 2
256 390 431 692 875
20 11 9 5
9 2
53 91 140 233 262 516 595 666 701
19 16 5 24 3 3 7 7
8 1
141 145 276 302 365 489 576 663
24 18 22 5 22 4 11
3 1
295 347 649
20 19
3 1
300 485 673
11 4
7 1
61 105 139 225 240 480 602
24 16 2 5 23 23
9 2
103 124 163 165 227 284 416 452 531
24 15 24 11 2 17 8 20
7 2
212 322 362 384 421 628 937
9 15 13 18 7 15
939 8
10 1
40 48 83 85 96 155 217 230 422 823
1 3 10 15 14 3 18 11 10
10 2
124 136 147 279 387 456 548 713 793 926
9 17 13 10 15 9 4 10 12
10 1
67 78 130 158 169 309 493 522 564 732
10 6 18 15 3 2 1 2 3
10 2
73 85 112 130 139 164 301 419 458 554
13 9 10 6 4 8 14 18 11
10 1
56 80 115 144 146 165 313 372 545 902
5 1 2 14 11 18 8 18 7
10 1
94 172 235 303 309 311 407 409 420 614
13 1 17 1 11 18 3 18 2
10 1
22 33 66 78 144 158 165 219 367 519
17 14 9 18 15 3 18 13 3
10 1
27 45 65 128 146 228 279 377 729 849
12 9 3 13 1 11 16 1 14
939 8
2 1
445 555
4
2 1
421 537
7
2 2
584 872
12
3 2
807 929 936
9 13
5 1
166 307 427 826 924
17 12 14 17
3 2
457 551 810
7 17
2 2
368 734
14
9 1
48 68 131 169 189 340 366 436 585
9 5 18 14 13 2 2 4
932 8
10 1
84 89 96 133 206 310 442 526 732 789
31 29 28 30 26 20 42 37 29
10 2
21 29 51 98 150 158 238 348 421 604
42 11 32 7 9 8 40 23 21
10 2
123 164 211 256 308 462 552 582 799 837
43 40 31 6 22 44 34 24 14
9 1
65 126 149 182 241 260 446 486 660
20 4 27 14 6 10 38 14
1 1
642

10 1
28 53 54 72 118 142 268 339 454 838
2 38 27 42 44 17 5 7 10
2 2
766 778
2
2 1
505 703
11
913 8
1 1
546

9 2
48 64 110 132 183 335 347 549 643
4 8 2 3 8 13 10 17
4 2
293 361 569 672
10 8 7
10 1
20 25 36 57 67 91 115 231 376 639
11 11 15 13 9 2 1 1 3
6 2
138 272 288 321 543 947
16 11 1 7 1
9 1
41 65 69 87 129 235 366 568 848
8 15 2 14 1 18 17 15
5 2
225 284 292 366 618
4 12 18 5
5 1
210 322 333 441 704
5 1 4 2
913 8
3 1
207 312 583
7 7
4 1
429 449 561 690
25 27 16
9 2
72 109 164 257 373 422 507 896 969
30 15 19 2 6 26 30 28
9 1
31 62 120 169 184 365 408 476 553
3 4 28 8 24 22 7 10
3 2
340 397 731
11 17
2 2
540 599
19
9 1
279 282 297 378 407 652 664 856 879
23 15 19 19 22 15 17 17
1 1
994

910 8
2 1
374 646
2
10 1
16 23 40 67 123 161 188 228 366 727
8 12 10 8 5 10 13 4 8
4 1
221 434 630 736
11 18 16
8 1
127 186 224 334 451 480 686 762
11 1 3 5 1 14 5
1 1
807

6 2
97 109 149 293 345 630
8 17 2 17 5
9 2
196 226 281 296 327 549 636 669 840
15 8 18 5 11 10 3 17
6 2
173 211 384 408 503 744
8 11 17 2 14
911 8
2 2
474 639
10
8 2
54 73 95 146 286 325 365 509
21 21 14 1 10 8 18
10 1
27 42 44 86 112 215 323 567 640 756
16 2 22 11 12 22 4 13 1
4 1
372 413 551 848
13 10 13
6 1
163 235 246 333 542 871
1 10 19 15 7
5 2
130 219 251 301 542
22 7 7 5
3 1
376 420 670
3 1
1 1
527

935 8
3 1
263 527 641
18 44
5 1
556 583 764 828 916
24 28 44 40
6 2
166 236 292 461 758 773
35 24 7 41 24
5 2
319 399 440 448 832
22 20 26 10
1 1
886

8 2
211 257 330 413 466 715 849 936
20 10 6 11 8 29 45
2 2
563 731
45
7 1
40 66 103 196 250 411 669
33 10 14 16 41 3
908 8
10 2
38 43 51 84 107 157 223 407 763 812
29 9 19 11 11 28 23 25 26
10 1
95 174 194 242 252 362 462 486 490 665
14 27 8 21 17 1 5 28 12
10 1
46 54 59 96 186 290 340 384 425 563
5 29 16 25 21 6 25 3 29
10 1
34 62 119 191 205 227 364 372 446 844
2 22 13 13 2 30 1 24 4
10 2
24 31 41 64 72 74 128 251 437 655
16 20 1 4 28 5 20 27 20
10 2
88 103 131 201 239 252 268 354 540 970
3 26 20 3 20 1 19 7 25
10 1
50 54 67 77 85 97 158 240 304 541
18 12 15 1 18 25 2 6 23
10 1
87 88 155 274 304 354 534 744 858 861
4 9 30 2 8 29 28 8 11
914 8
5 2
77 128 233 457 600
22 21 19 21
1 1
647

6 2
119 211 238 321 427 685
19 1 20 13 14
4 1
156 283 378 627
20 11 14
1 1
678

3 2
245 373 607
15 7
1 1
628

8 2
104 191 210 305 366 381 413 533
9 16 18 15 16 20 16
908 8
7 1
102 128 236 395 431 698 744
8 8 26 44 13 30
3 2
268 414 506
26 12
2 2
538 825
18
10 2
44 56 75 89 118 193 262 410 645 974
38 34 19 16 45 42 16 25 32
8 1
78 122 146 154 234 327 514 676
20 8 29 19 45 28 7
1 1
950

10 2
66 71 80 117 181 214 378 398 659 793
31 24 7 9 2 35 23 9 36
7 1
154 201 225 245 281 467 650
24 19 5 26 38 32
1000 8
9 2
169 172 201 279 281 418 605 607 962
42 26 44 26 4 21 41 16
9 1
15 30 54 79 146 245 341 474 731
27 14 50 38 37 46 29 25
2 1
383 552
27
2 1
721 957
14
3 2
533 760 861
43 40
4 1
510 579 599 695
49 48 40
7 2
356 411 542 567 687 778 952
11 4 48 31 29 37
2 2
475 614
6
938 8
1 1
879

2 1
368 608
81
6 2
114 172 185 273 411 569
12 64 26 13 5
5 2
481 488 641 727 777
81 92 44 48
2 1
422 835
19
3 1
207 303 549
8 38
2 1
709 831
44
2 1
476 740
39
934 8
10 1
38 42 85 112 121 131 205 295 428 571
21 21 7 6 3 3 5 12 11
3 1
375 496 643
25 9
8 2
245 398 409 573 665 728 760 790
17 26 12 9 18 6 20
1 1
880

6 2
144 148 221 282 390 703
31 24 19 10 14
2 1
405 755
21
7 1
70 102 136 214 220 414 601
18 18 9 25 25 15
3 1
430 486 544
23 30
988 8
10 2
51 59 70 112 158 266 306 516 634 668
3 3 19 8 4 8 23 14 4
10 2
72 80 91 149 157 277 419 427 497 929
13 3 9 20 10 10 4 17 21
10 1
40 44 68 72 91 162 174 223 385 503
9 20 6 6 18 3 5 1 18
10 2
56 63 80 119 138 248 435 455 858 954
2 6 10 11 6 21 3 14 18
10 1
108 208 370 434 542 558 574 671 916 950
22 9 24 22 21 3 9 11 13
10 2
122 144 191 200 309 344 453 465 752 914
8 1 12 1 24 24 4 6 8
10 1
76 88 104 110 146 250 258 470 530 916
5 10 4 23 1 3 1 1 24
10 1
22 36 43 53 92 180 330 370 550 594
2 4 7 24 12 19 23 21 8
952 8
2 2
344 562
5
1 1
709

2 1
495 836
7
1 1
849

8 2
124 143 271 289 443 448 526 597
15 18 17 2 15 13 1
2 2
372 584
4
6 1
199 301 320 330 512 537
13 4 11 16 6
1 1
630

925 8
8 2
104 187 195 259 320 397 494 931
47 47 89 7 45 29 91
8 2
120 131 177 305 399 463 626 937
19 27 31 67 45 53 75
8 1
85 152 158 161 248 365 434 670
8 63 58 17 27 73 72
10 1
132 141 187 194 321 375 453 750 857 971
41 34 59 36 34 52 89 42 8
4 2
201 344 465 587
21 74 21
3 1
466 641 855
26 28
5 2
140 273 359 476 512
90 66 12 52
8 2
86 170 195 237 273 466 921 927
40 65 30 29 29 64 9
927 8
8 2
294 399 404 450 820 831 932 980
5 46 7 25 23 4 38
3 2
454 738 760
23 25
2 2
618 950
32
4 1
166 203 341 537
39 24 45
2 1
493 970
30
6 1
43 61 115 221 344 681
35 20 30 14 26
4 2
249 304 408 744
4 13 26
3 1
206 374 531
19 37
929 8
10 1
25 28 33 61 82 149 237 301 451 829
19 16 6 11 11 23 4 22 8
10 1
21 27 44 52 74 110 190 328 545 725
15 4 5 3 17 15 20 1 2
2 1
400 703
20
7 2
126 143 242 273 443 548 614
5 13 21 4 13 15
8 1
50 82 98 121 186 226 398 641
13 5 21 16 18 10 10
4 2
395 419 541 912
14 16 1
8 1
71 88 110 165 230 282 373 539
9 6 1 7 9 8 6
2 2
501 898
11
962 8
9 2
49 80 130 163 226 250 372 492 501
16 19 17 2 4 11 14 16
9 1
19 37 46 77 120 157 304 459 583
16 10 10 12 13 7 3 5
5 1
233 251 489 521 558
13 12 10 8
1 1
883

5 1
247 464 693 845 944
10 11 3 6
4 2
556 639 810 988
4 11 14
9 1
52 86 92 153 213 374 405 640 908
2 18 5 14 11 19 4 9
9 1
65 75 109 182 292 355 698 782 973
13 6 12 7 15 6 9 10
919 8
10 1
116 123 141 149 224 288 534 558 829 948
66 59 9 76 86 83 16 17 2
4 1
299 313 401 648
24 57 24
8 1
178 208 256 277 290 380 421 806
80 81 55 67 90 6 54
10 2
53 56 96 140 146 168 235 392 716 943
82 75 87 19 14 66 36 5 42
10 2
88 147 156 266 282 290 411 421 691 885
23 67 7 65 25 78 22 5 21
5 1
226 247 493 763 834
75 46 64 18
7 1
92 97 175 314 549 717 719
68 59 44 71 71 3
8 2
78 94 174 275 288 314 563 829
43 30 74 91 54 40 18
973 8
4 2
266 326 334 586
12 5 14
1 1
561

10 1
66 93 106 166 270 366 478 485 486 779
24 16 15 13 22 10 14 12 14
10 1
24 27 33 58 65 75 130 244 460 514
17 21 21 12 23 4 3 2 19
1 1
840

7 1
67 135 143 274 448 491 796
1 19 15 6 19 21
6 1
168 216 228 434 643 669
18 5 14 13 21
9 2
37 42 62 115 127 139 233 427 652
6 2 7 20 14 12 10 14
952 8
7 1
147 268 308 368 488 523 692
13 6 18 11 14 18
4 1
512 655 724 743
13 9 10
2 1
646 709
13
8 1
84 160 176 250 271 367 485 688
14 15 2 16 15 10 18
2 1
461 560
9
9 2
24 36 64 80 111 199 384 581 751
11 4 1 13 6 16 17 5
9 1
60 76 82 152 217 416 482 511 512
4 6 8 7 1 8 4 11
2 2
573 984
13
1000 8
10 10
257 258 259 260 261 262 263 264 265 1000
75 22 93 16 45 51 91 35 1000
10 10
135 136 137 138 139 140 141 142 143 1000
48 12 30 78 50 95 4 13 1000
10 10
743 744 745 746 747 748 749 750 751 1000
33 18 45 99 86 13 50 83 1000
10 10
55 56 57 58 59 60 61 62 63 1000
3 98 32 79 73 5 72 40 1000
10 10
429 430 431 432 433 434 435 436 437 1000
74 30 84 69 77 47 98 7 1000
10 10
568 569 570 571 572 573 574 575 576 1000
44 62 60 66 94 29 62 45 1000
10 10
94 95 96 97 98 99 100 101 102 1000
74 94 97 60 96 94 91 74 1000
10 10
178 179 180 181 182 183 184 185 186 1000
47 97 58 96 71 87 31 39 1000
960 8
10 1
94 139 144 161 279 356 446 491 563 920
52 42 40 9 26 61 81 62 86
4 2
276 453 750 832
33 5 56
4 2
327 412 721 830
68 91 52
10 2
14 20 38 76 132 172 303 358 489 507
3 88 13 8 94 55 13 72 91
4 2
335 414 457 569
37 57 34
10 1
143 148 242 250 279 288 322 517 559 666
91 35 88 91 95 67 49 12 33
10 2
22 37 59 100 126 165 295 357 479 939
72 45 12 43 57 38 19 92 82
5 1
328 443 649 850 860
52 76 16 36
908 8
10 2
44 71 82 116 161 202 288 434 675 784
2 5 13 2 20 5 6 22 20
10 1
130 140 192 315 376 438 488 602 637 650
7 4 11 15 13 9 19 6 18
10 1
44 60 66 95 124 156 267 328 490 660
14 9 7 20 4 5 18 11 22
10 2
36 61 63 105 197 329 403 637 699 923
18 1 16 18 9 1 2 15 15
10 1
18 26 42 75 91 110 139 244 483 775
9 4 18 7 12 2 7 16 4
10 2
50 54 86 103 146 223 301 532 557 595
4 7 15 7 10 1 1 21 13
10 1
6 13 18 32 47 76 126 191 328 651
6 4 6 9 3 16 19 7 22
10 1
89 123 127 196 244 260 455 464 534 852
2 2 15 18 22 3 9 12 21
992 8
6 2
323 486 563 649 661 796
24 4 26 2 7
2 2
635 778
33
4 2
296 458 594 606
4 20 13
4 1
414 500 831 896
21 21 22
3 1
536 864 937
8 22
1 1
609

2 1
525 996
8
6 1
55 105 173 297 428 676
26 3 24 18 6
20 8
3 1
1 10 100
1 2
3 1
1 10 100
1 3
3 1
1 10 100
1 4
3 1
1 10 100
1 5
3 1
1 10 100
1 6
3 1
1 10 100
1 7
3 1
1 10 100
1 8
3 1
1 10 100
1 9
970 8
10 2
83 167 218 281 391 400 450 659 674 900
15 47 4 13 38 16 16 15 28
6 1
112 138 183 303 546 568
31 42 32 3 33
5 1
164 203 357 498 781
6 23 3 18
2 1
343 619
37
2 1
321 618
12
3 2
751 800 872
46 32
8 2
132 186 225 228 309 440 632 646
40 36 32 47 5 20 16
1 1
842

926 8
5 2
178 275 279 370 544
23 30 20 30
5 2
148 283 303 482 782
20 8 25 15
9 2
151 183 201 214 248 261 304 388 656
21 3 4 19 24 13 28 19
6 1
398 454 477 753 849 877
1 19 8 1 28
4 2
358 362 644 748
22 5 8
7 1
82 121 196 270 319 616 847
11 7 18 10 5 6
9 1
66 118 128 147 152 291 418 572 879
1 10 24 30 23 24 11 15
3 2
407 662 683
7 20
935 8
10 2
25 40 68 71 119 196 319 320 507 556
1 38 35 36 2 32 38 12 38
4 2
447 529 606 621
36 32 20
1 1
566

9 1
125 137 171 178 219 272 435 773 919
31 26 44 25 20 39 37 44
9 2
73 105 152 249 368 409 572 657 898
40 39 13 28 4 39 4 14
5 2
274 438 522 533 555
6 20 34 41
2 1
613 745
4
4 2
367 486 577 986
10 2 28
998 8
10 2
23 46 78 107 141 214 276 299 427 630
20 9 22 8 15 21 14 19 21
3 1
433 739 828
21 12
6 2
114 136 199 339 467 730
11 13 2 20 15
10 2
140 225 230 341 425 438 508 600 906 960
18 18 13 9 21 6 7 2 6
2 1
566 628
2
6 1
84 156 193 338 594 954
5 4 20 12 2
1 1
696

3 2
353 621 765
6 6
953 8
10 2
19 32 46 79 129 179 237 372 505 588
46 4 28 42 21 19 35 30 42
10 2
19 25 46 80 90 144 197 371 577 583
26 18 33 31 39 41 8 9 44
10 1
109 203 229 269 296 366 420 516 744 791
35 17 45 30 7 13 2 41 45
10 1
106 145 158 190 270 297 303 340 425 693
47 30 43 20 20 36 4 8 29
10 1
53 93 128 188 265 273 363 481 501 906
43 47 41 10 21 6 31 5 5
10 1
112 160 183 226 239 289 303 334 458 685
40 9 15 24 11 37 47 8 33
10 2
11 21 35 56 79 103 138 220 431 537
6 5 28 40 38 34 47 27 16
10 2
75 126 196 210 283 351 385 744 902 982
44 37 40 41 39 35 22 37 6
999 8
7 1
71 123 152 242 276 370 602
42 66 65 81 49 19
2 2
495 522
66
3 2
766 894 978
96 88
1 1
942

10 2
64 66 85 98 150 164 304 378 458 773
58 7 74 87 57 23 80 8 1
3 2
324 466 871
13 55
8 1
211 240 290 364 551 619 642 674
32 6 61 12 81 85 33
1 1
650

953 8
10 1
107 166 269 317 380 454 466 543 797 847
3 11 7 3 17 11 19 11 17
10 1
49 50 68 96 113 121 198 315 393 703
3 8 7 5 7 1 6 9 15
10 2
39 45 47 66 123 207 283 344 453 869
15 4 17 18 15 18 2 13 9
10 2
54 59 119 146 282 404 410 427 852 937
11 2 6 6 18 9 9 3 3
10 1
18 20 29 59 80 142 243 286 368 672
16 6 10 19 12 11 8 13 18
10 1
63 118 155 199 282 354 415 612 685 833
16 8 5 5 7 18 6 13 19
10 2
54 100 115 144 240 337 373 482 517 938
3 8 7 19 10 18 2 7 9
10 2
17 34 51 52 102 177 247 286 368 675
6 11 6 3 14 10 5 1 9
986 8
10 2
60 62 114 131 176 285 293 530 692 731
8 6 10 11 12 18 6 19 16
10 2
33 35 50 80 108 159 280 321 486 549
4 8 13 2 7 8 2 5 8
10 1
88 125 209 234 240 281 545 593 646 681
19 12 3 7 17 9 6 8 17
10 1
20 24 39 58 78 124 209 320 536 707
18 11 14 4 2 15 4 2 13
10 1
28 44 50 68 75 121 207 226 354 560
8 2 18 8 15 12 1 9 9
10 2
20 36 40 66 117 170 212 258 497 523
16 8 6 3 14 2 6 12 9
10 2
46 49 71 117 125 189 254 315 384 760
17 11 2 8 6 19 17 15 13
10 2
15 22 41 81 143 164 306 569 702 992
16 3 15 16 9 2 13 16 2
932 8
6 2
189 213 316 410 525 843
11 23 19 6 7
8 1
72 80 109 186 328 644 653 691
11 40 7 27 2 11 44
8 1
78 122 153 212 404 439 776 968
1 18 41 34 38 8 26
10 2
30 47 69 105 185 273 532 653 763 982
20 25 32 41 27 42 4 14 36
7 2
85 155 157 222 418 762 809
15 6 30 6 8 32
7 2
179 203 271 303 502 601 809
23 45 46 10 12 23
10 1
64 107 144 217 274 310 339 341 408 777
19 19 26 43 8 3 35 6 21
5 1
106 203 215 425 784
31 9 42 37
941 8
1 1
802

7 1
47 78 84 132 211 371 557
20 8 18 15 18 2
4 2
347 351 446 615
4 8 10
4 2
335 522 728 783
18 7 8
8 1
87 100 152 190 251 446 508 858
4 1 22 2 5 15 1
1 1
784

10 2
73 86 111 173 265 292 567 611 679 798
6 3 5 22 15 14 4 3 1
4 2
385 416 492 724
14 9 3
983 8
4 1
273 440 542 780
13 64 94
8 2
143 149 158 234 246 270 417 600
32 98 29 40 2 78 54
1 1
911

1 1
637

7 1
60 90 145 162 176 326 575
45 60 28 26 76 73
7 1
101 110 150 276 281 359 549
41 56 66 4 43 61
8 1
59 95 179 231 433 747 858 875
92 68 79 98 70 68 85
6 2
68 128 199 264 300 546
32 23 3 53 32
917 8
4 2
310 439 491 920
68 58 60
2 1
457 873
85
8 1
184 263 271 337 420 429 459 613
91 20 78 49 8 13 76
2 1
721 742
83
6 1
53 76 153 208 265 512
8 20 60 76 23
10 2
23 43 86 89 102 201 320 388 415 805
23 10 62 48 32 42 67 76 6
8 1
210 298 353 418 510 512 536 753
57 31 17 41 3 38 65
8 1
10 18 29 56 112 216 260 521
18 44 72 55 8 29 20
938 8
10 2
14 19 38 50 59 88 171 179 275 545
37 85 91 26 42 15 63 7 62
10 2
105 116 130 161 167 184 211 261 297 563
7 16 86 92 5 86 56 32 68
10 2
65 76 78 128 149 208 368 709 728 987
52 53 65 38 32 15 91 79 47
10 2
36 56 75 143 157 238 259 493 533 775
7 93 24 21 86 9 61 61 22
10 2
59 109 163 206 225 369 388 452 555 893
2 89 10 81 55 12 77 27 38
10 1
57 96 118 131 209 215 306 348 612 826
32 71 66 28 38 47 66 35 18
10 2
75 83 141 167 287 292 337 653 736 856
57 36 55 40 11 26 45 36 36
10 1
123 129 133 146 237 246 362 706 789 972
53 16 91 4 69 81 81 65 81
916 8
3 2
390 431 728
19 24
8 2
97 108 188 309 397 423 608 949
22 27 27 16 12 1 28
5 2
663 698 727 730 888
14 3 12 26
10 1
43 59 89 166 205 270 422 437 555 561
19 3 12 19 24 16 12 27 16
7 2
224 282 314 443 475 531 606
25 6 6 27 26 3
1 1
644

2 1
556 864
15
2 1
591 891
22
42 8
2 1
7 8
10
2 1
5 7
6
2 1
5 7
6
2 1
5 7
6
2 1
5 7
6
2 1
5 7
6
2 1
5 7
6
2 1
5 7
6
904 8
6 1
293 445 512 541 828 857
20 13 28 7 13
3 1
311 563 763
1 23
6 1
79 124 219 245 298 502
3 30 24 21 7
1 1
777

3 2
420 566 984
27 12
10 1
28 32 44 52 81 146 190 364 512 977
23 8 25 21 19 26 24 4 25
10 1
60 62 82 129 163 242 362 526 634 777
4 4 13 2 3 16 30 16 5
2 2
470 720
25
976 8
9 1
105 121 198 205 226 260 401 791 863
33 18 27 15 9 33 19 14
9 1
48 76 101 166 259 274 277 536 669
5 45 10 16 28 24 2 9
3 2
416 645 772
41 14
4 2
170 294 380 744
27 21 6
3 1
460 866 894
30 42
8 2
74 97 173 216 333 623 753 770
39 9 39 5 17 28 31
6 2
145 166 226 339 394 551
31 41 11 18 47
7 1
88 107 155 200 288 372 633
5 19 36 37 40 25
942 8
3 1
329 579 847
37 44
7 1
106 186 197 320 572 595 650
9 38 16 32 37 41
9 2
115 117 175 326 332 448 452 537 829
5 4 27 17 44 46 4 29
8 1
98 176 235 343 369 544 605 779
40 32 3 35 47 33 34
7 2
83 145 183 225 360 643 830
10 11 47 3 40 46
10 2
57 96 99 108 120 137 217 403 451 620
27 32 22 4 27 35 37 12 40
8 2
90 114 135 254 420 572 591 932
16 8 14 44 38 40 35
3 1
714 960 994
32 17
990 8
3 2
368 541 554
34 27
10 1
28 48 89 135 137 228 247 477 490 550
13 11 28 46 4 37 35 6 24
9 1
106 130 145 170 275 312 532 583 916
6 42 24 28 26 28 32 16
10 2
49 75 108 167 252 304 345 390 748 798
40 32 35 14 47 4 19 19 12
7 2
120 197 238 298 365 514 519
13 6 29 3 31 35
10 1
29 45 72 135 174 258 403 470 936 943
33 31 47 12 22 34 22 15 42
6 1
184 238 462 742 882 888
27 46 7 35 6
6 2
230 257 274 307 488 616
30 24 7 26 34
972 8
6 2
142 145 216 247 285 507
10 23 18 2 17
9 2
57 84 106 213 302 373 540 639 659
20 19 24 8 24 3 14 20
6 2
121 229 347 429 645 896
7 2 16 17 18
8 1
82 131 213 308 425 688 872 938
14 18 18 7 3 22 20
9 2
22 26 46 64 122 179 262 342 523
23 21 7 20 12 22 5 20
6 2
114 195 231 348 529 907
11 1 24 21 14
4 2
266 444 553 893
19 22 6
6 2
187 323 342 499 671 896
5 9 12 15 14
987 8
3 2
447 513 863
60 84
4 1
193 215 359 708
63 59 29
7 1
131 249 303 346 350 497 596
44 49 11 15 35 7
10 2
86 169 214 351 475 521 543 581 680 907
31 33 23 54 37 25 19 53 67
3 2
836 877 978
72 60
1 1
509

2 1
491 916
88
8 1
87 117 181 290 327 346 554 816
93 38 72 51 85 69 60
957 8
3 2
220 387 518
3 15
1 1
898

3 1
465 664 725
4 30
10 1
38 69 85 87 147 167 295 319 499 660
17 25 20 28 3 17 24 26 9
9 1
21 36 46 85 167 203 293 492 535
28 2 4 7 29 22 29 13
5 1
302 356 453 536 554
15 6 29 23
3 1
169 281 532
28 28
5 1
154 164 328 436 594
3 21 27 4
933 8
9 1
165 175 213 397 468 683 710 793 979
6 21 2 10 16 18 11 22
8 1
72 135 186 212 334 386 415 620
12 12 23 17 7 17 5
2 1
463 548
23
1 1
544

5 2
144 225 289 456 802
5 20 2 14
10 1
66 73 98 161 164 222 231 301 425 833
17 6 12 12 18 9 19 3 23
7 2
243 245 391 447 493 603 794
20 13 17 17 22 21
10 2
19 25 41 43 56 106 147 213 343 680
9 10 16 7 17 8 10 1 19
933 8
10 1
17 19 30 41 70 83 164 191 323 569
15 25 52 20 71 22 49 74 93
6 2
118 228 246 418 533 655
57 35 17 11 6
1 1
774

9 1
41 69 136 157 220 352 433 461 666
85 65 37 50 41 28 28 50
7 1
65 77 155 256 451 456 615
62 71 77 75 82 45
8 2
135 270 300 349 448 635 875 924
40 16 31 59 56 26 74
1 1
806

3 2
387 518 733
51 32
976 8
4 1
398 579 774 815
5 17 33
1 1
958

3 1
701 800 949
4 27
1 1
659

4 2
262 279 366 583
1 10 23
3 1
701 712 744
25 37
7 1
63 88 163 179 230 293 503
23 36 4 3 21 9
10 2
30 48 95 152 168 195 232 352 397 602
28 24 30 13 29 20 7 13 38
935 8
10 2
36 38 41 74 114 183 347 641 687 692
9 41 4 57 15 22 7 17 51
10 1
17 22 43 46 81 121 154 245 392 613
55 32 29 9 38 59 85 61 80
10 1
57 95 164 183 291 327 351 522 531 809
53 76 83 56 68 32 4 18 1
10 1
49 78 88 102 132 190 333 569 571 635
72 81 59 54 65 43 14 81 18
10 2
39 44 61 76 101 138 220 381 469 821
72 21 36 9 61 71 61 7 7
10 1
22 26 31 63 84 95 182 199 357 696
35 1 34 50 29 43 64 77 5
10 2
24 49 82 103 186 252 260 475 704 709
89 7 69 78 71 52 61 59 35
10 2
83 84 113 170 188 271 393 523 564 966
8 68 61 74 42 32 31 89 50
922 8
1 1
647

9 2
132 143 213 252 265 384 493 566 861
13 8 7 20 10 12 15 9
6 2
248 293 305 474 697 822
3 22 13 5 3
4 2
365 449 760 804
15 11 2
5 1
253 406 480 605 941
23 20 19 16
1 1
573

10 1
17 25 32 35 42 83 116 228 272 508
19 16 14 1 18 7 13 21 13
3 1
430 432 860
16 3
998 8
2 1
402 564
17
8 2
190 199 377 438 476 507 566 775
16 24 23 23 1 1 24
8 1
34 54 99 176 288 495 611 670
12 7 23 11 22 3 7
4 2
395 551 647 936
23 2 12
1 1
537

2 1
513 746
6
2 2
377 548
22
10 2
31 63 75 99 134 150 214 226 366 511
7 10 18 18 20 18 13 7 8
952 8
10 1
23 29 45 64 121 152 220 373 560 659
9 29 32 35 27 47 37 20 41
10 2
26 28 40 79 100 156 201 205 287 555
15 21 20 10 27 8 26 42 46
10 2
77 118 138 270 386 443 447 451 737 991
9 23 7 13 14 32 23 29 24
10 1
48 55 64 108 146 157 186 311 528 558
20 43 19 12 44 46 44 34 42
10 1
41 76 115 189 280 294 301 488 604 984
2 16 43 23 13 27 2 8 37
10 1
62 118 130 188 289 291 421 432 608 645
3 21 14 28 11 43 25 41 33
10 1
69 108 119 124 176 262 268 270 376 582
35 8 17 34 38 43 21 18 2
10 1
56 73 109 127 160 306 316 453 522 710
36 3 10 32 11 44 44 12 23
920 8
9 1
90 105 111 142 186 202 396 500 909
5 13 11 10 1 15 18 17
3 2
389 688 715
4 17
6 1
153 220 231 274 355 600
4 11 9 2 8
7 1
224 268 341 350 393 563 599
6 2 9 4 12 8
5 1
313 406 763 922 969
16 14 2 6
7 1
158 278 402 458 555 633 834
6 15 3 13 5 2
1 1
508

5 2
244 375 605 670 862
13 8 3 8
930 8
8 2
92 163 223 256 328 385 734 773
84 60 63 66 49 90 77
7 2
155 173 331 469 574 725 907
38 38 51 63 26 28
1 1
627

2 1
666 946
42
9 2
229 273 361 367 458 581 777 812 952
80 89 62 78 69 12 12 92
6 2
118 164 323 416 508 934
80 70 27 36 49
3 1
271 501 935
21 15
3 1
499 512 859
33 63
920 8
8 1
63 117 224 251 359 400 561 730
40 51 10 24 25 88 35
1 1
831

4 2
291 567 583 931
39 41 9
7 1
85 109 116 190 215 404 648
4 48 67 25 4 86
9 1
36 70 85 94 129 185 208 398 721
65 4 52 79 41 57 73 35
10 1
119 141 161 212 238 273 275 360 464 800
13 17 34 14 7 69 91 71 35
8 1
23 44 82 101 126 188 366 647
14 45 19 75 78 29 87
4 2
552 604 629 846
6 1 35
928 8
10 1
190 228 303 430 432 508 563 876 982 998
1 2 16 2 18 19 23 11 6
10 2
26 38 52 79 149 271 328 348 545 978
23 4 13 10 23 3 16 8 22
10 2
20 27 51 96 133 220 343 405 425 783
14 16 8 20 3 9 19 11 8
10 2
24 40 46 79 92 152 189 241 298 595
1 17 4 18 21 13 17 11 18
10 1
37 38 60 99 174 223 314 352 486 842
20 16 23 10 16 1 2 4 6
10 1
26 36 62 118 142 200 218 312 530 647
20 1 5 1 18 13 13 16 19
10 1
46 55 75 129 181 234 377 648 684 848
9 15 16 2 4 11 9 23 22
10 1
76 90 104 139 278 399 440 688 933 973
19 11 5 7 15 4 11 3 1
907 8
10 1
92 136 195 217 249 300 327 599 694 770
28 34 6 22 39 7 42 34 33
10 2
36 51 66 91 96 125 139 221 421 521
40 36 15 4 11 27 44 26 44
10 1
17 23 34 67 123 147 215 241 355 601
18 33 3 21 28 28 10 25 35
10 1
24 35 69 136 178 220 340 350 606 676
32 44 11 40 40 14 1 33 28
10 2
34 43 56 82 149 153 213 413 535 599
29 38 14 38 21 17 35 43 8
10 2
31 46 54 72 108 185 190 224 424 626
13 21 4 23 29 2 25 26 25
10 1
90 131 140 152 302 521 695 702 728 915
18 14 4 20 11 20 44 43 9
10 1
23 34 36 45 77 116 150 235 425 718
11 18 2 35 22 34 25 7 20
978 8
9 1
246 302 382 467 535 604 714 917 923
27 14 11 28 26 2 18 17
3 1
237 419 526
7 5
3 2
343 623 936
9 14
3 2
445 673 756
17 15
5 2
260 308 400 522 866
10 13 21 5
8 2
107 117 123 149 260 353 427 777
6 28 5 5 2 30 24
7 2
81 136 205 331 349 677 950
23 2 14 27 11 29
10 2
82 125 144 182 189 193 238 334 653 978
1 23 13 32 14 23 11 10 15
975 8
10 2
25 40 62 79 94 127 247 294 532 568
4 12 6 11 32 23 29 32 19
10 2
43 62 91 92 176 249 458 890 950 989
24 31 26 14 18 29 5 7 31
10 2
22 41 53 93 134 164 277 343 509 577
22 30 1 32 3 32 9 22 14
10 2
64 83 166 243 364 388 412 535 709 798
8 19 29 22 11 25 26 17 19
10 2
49 61 66 132 144 215 397 511 542 712
18 15 9 28 6 21 11 25 32
10 2
106 163 228 253 318 413 526 533 643 645
11 9 16 30 8 23 20 20 8
10 1
73 100 102 134 138 265 431 444 468 860
4 26 12 22 31 21 17 13 22
10 1
8 15 16 26 48 65 128 236 412 732
18 22 27 32 24 15 21 9 25
911 8
8 2
113 127 171 295 339 678 759 808
40 85 25 46 32 17 20
5 2
151 244 355 650 931
88 59 30 80
4 1
514 679 913 989
65 12 36
3 1
372 460 580
70 71
1 1
687

8 1
35 61 74 77 153 240 373 642
2 73 68 30 8 39 41
10 2
33 66 112 137 203 232 461 575 604 944
70 20 20 89 86 14 3 74 84
10 1
37 38 53 64 77 152 227 436 472 686
11 10 10 83 13 53 25 74 32
947 8
1 1
563

4 2
475 773 786 933
20 42 30
6 2
193 240 445 475 575 619
15 38 32 5 46
4 1
316 335 404 709
2 39 15
4 2
415 591 742 816
6 43 18
10 1
8 17 18 26 40 65 98 140 262 519
32 27 11 30 24 46 41 27 14
5 2
226 240 445 562 680
4 47 26 27
1 1
747

988 8
6 1
107 180 262 320 564 585
5 19 1 14 15
5 1
301 419 545 554 743
16 11 12 18
4 1
206 400 511 788
1 8 10
1 1
666

6 1
157 229 448 656 777 909
16 8 2 14 19
5 2
184 351 362 385 610
13 15 13 13
1 1
552

9 1
46 87 141 229 242 328 503 570 998
16 1 5 18 18 6 1 6
985 8
10 1
28 41 50 74 146 291 384 430 527 887
88 5 72 15 21 66 52 14 71
10 2
40 45 63 105 117 146 195 240 378 740
81 48 15 54 3 84 64 95 33
10 2
64 82 89 148 184 282 289 314 371 678
7 97 64 84 3 45 23 51 23
10 1
32 41 57 101 167 189 350 414 749 885
58 71 83 15 33 80 7 62 46
10 2
56 74 76 81 90 178 226 299 529 717
48 87 55 19 54 15 69 89 64
10 2
54 81 88 101 195 240 339 398 432 759
81 3 40 14 67 89 39 95 71
10 1
91 155 162 195 214 258 451 613 681 954
44 49 49 22 54 76 9 78 97
10 2
43 82 101 149 161 248 332 506 863 980
25 36 15 68 3 23 70 69 67
902 8
10 2
29 39 52 59 91 92 182 275 311 515
13 4 3 10 19 13 21 7 15
10 1
65 87 102 107 139 227 379 453 737 778
19 16 22 3 8 19 10 22 8
10 1
19 21 42 63 116 143 236 426 678 713
8 10 6 16 22 9 1 17 5
10 2
48 86 162 171 190 218 291 400 421 715
13 3 9 8 6 20 14 19 16
10 1
36 49 63 114 174 181 321 427 710 988
17 8 2 16 17 13 19 6 12
10 1
21 29 30 39 71 98 185 230 363 634
15 5 18 3 9 3 17 19 7
10 1
29 36 51 78 99 151 271 449 610 689
18 5 21 17 18 22 6 16 3
10 1
11 23 47 84 161 227 295 299 508 819
10 9 16 19 12 20 1 19 9
998 8
9 2
64 71 74 92 115 131 223 410 724
77 13 96 6 95 45 61 66
8 2
134 157 193 200 260 417 631 816
53 13 38 57 55 91 38
7 2
80 111 205 399 483 520 609
69 26 92 28 13 41
5 1
116 177 244 461 567
65 29 43 31
5 2
215 220 245 349 589
84 42 91 89
9 2
54 58 117 136 170 198 367 504 733
98 96 74 8 52 81 70 64
5 2
162 266 361 504 918
33 25 23 83
2 1
576 635
18
944 8
3 1
193 384 582
15 10
1 1
576

5 2
288 565 614 712 838
4 8 3 10
10 2
43 65 99 154 156 216 377 411 696 789
17 2 3 16 5 11 2 18 2
2 1
717 830
10
2 1
416 509
15
1 1
733

2 2
696 859
3
973 8
9 2
31 36 51 70 78 129 193 365 575
21 22 14 9 29 15 6 4
10 1
73 95 163 166 251 369 502 597 897 960
30 21 8 26 19 9 16 23 11
8 2
134 172 199 213 330 462 623 788
13 9 13 18 13 26 22
7 2
165 178 205 220 390 452 523
4 3 1 10 18 16
2 2
747 873
21
8 2
31 45 78 149 240 433 664 967
9 4 23 31 5 13 12
1 1
949

4 2
227 248 284 510
18 11 22
912 8
1 1
781

2 2
445 506
77
7 1
171 175 186 323 336 462 568
80 82 14 75 76 63
8 2
111 132 138 237 252 387 677 944
87 19 8 10 64 23 35
9 1
50 64 91 113 160 187 336 538 850
34 71 69 36 5 32 69 10
7 1
135 172 216 349 355 565 996
42 7 85 79 60 68
8 1
107 134 200 313 331 617 799 807
9 22 36 13 3 36 84
5 1
139 278 386 641 724
58 5 53 58
945 8
8 2
101 136 162 196 282 330 556 614
4 13 8 9 8 12 6
4 2
545 715 806 923
23 19 20
2 2
296 549
16
7 2
140 147 154 301 502 520 844
11 8 17 20 14 15
10 2
43 80 120 133 203 220 312 539 708 777
17 10 5 11 13 17 23 1 12
5 2
334 370 385 476 584
18 22 3 2
8 2
356 471 537 704 765 780 895 973
14 22 9 20 12 13 14
8 1
85 122 127 165 200 361 467 625
21 17 16 17 22 2 1
997 8
9 2
88 98 136 142 246 403 516 762 944
22 21 16 12 24 22 12 31
10 1
20 24 32 43 60 111 199 379 582 751
18 45 15 45 47 15 43 12 26
7 1
124 134 212 242 358 565 685
46 29 20 47 30 20
2 1
750 894
5
3 2
263 414 820
45 12
2 2
334 625
4
6 1
310 550 558 689 691 775
40 21 23 12 41
2 2
655 978
43
959 8
4 2
455 535 605 923
17 17 16
6 2
214 274 307 500 522 654
7 6 18 5 9
5 2
100 171 343 387 659
19 4 14 9
5 1
186 268 321 334 564
7 8 7 4
3 2
326 366 696
18 5
5 2
97 161 266 530 752
14 1 15 1
6 1
163 295 378 511 562 853
2 4 18 12 9
4 1
157 162 302 587
1 7 9
